1545899540.976914:[18196.  -384.  4268.]
0
1545899540.977979:[18280.  -664.  4304.]
1
1545899540.978845:[18196.   172.  -512.]
1
1545899540.9794822:[18196.  -384.  4268.]
1
1545899540.9801269:[18280.  -664.  4304.]
1
1545899542.591889:[18196. 20104.   444.]
1
1545899542.653394:[16880.  -872.  3824.]
0
1545899542.714805:[16212.   796.  5964.]
1
1545899542.776275:[12684.    24.  7820.]
0
1545899542.841813:[18064.  -344.  5168.]
1
1545899542.9032488:[17628. -1196.  6104.]
1
1545899542.9646652:[19568.   632.  2700.]
1
1545899543.03016:[17568.  -852.  4716.]
1
1545899543.091758:[17512.  -492.  4376.]
1
1545899543.1530309:[17956.    92.  3664.]
1
1545899543.2146041:[17168.  -364.  7312.]
1
1545899543.276181:[16832.   628.  4456.]
2
1545899543.341913:[18008.   -64.  7164.]
1
1545899543.402963:[19008.  -504.  5248.]
1
1545899543.464312:[20172.    48.   460.]
1
1545899543.5298629:[18088.  1348.  4384.]
1
1545899543.592026:[18700.  -756.  2236.]
1
1545899543.6526878:[22920.   724.  3380.]
1
1545899543.714189:[19628.   844.  4232.]
1
1545899543.7809181:[20576. -1836.  4928.]
1
1545899543.841564:[14080.  2592.  4108.]
1
1545899543.902633:[18656.  -968.  4176.]
1
1545899543.963997:[17100.    80.  3256.]
1
1545899544.029579:[19868. -1164.  4856.]
1
1545899544.091072:[17840. -1148.  5184.]
1
1545899544.152444:[16512.  -496.  3364.]
1
1545899544.213896:[16592.  -588.  5368.]
1
1545899544.275369:[16664.   716.  2580.]
1
1545899544.34087:[20136. -1628.  5264.]
1
1545899544.402318:[18272. -1636.  5348.]
1
1545899544.467751:[18844. -2784.  6696.]
1
1545899544.529257:[23068. -2064.  4624.]
1
1545899544.5910752:[20224. -2716.  1968.]
1
1545899544.652163:[13316. -1012.  7500.]
1
1545899544.713685:[21360.   156.  1864.]
0
1545899544.77906:[17968.  -852.  3116.]
1
1545899544.8406138:[19480. -1584.  4972.]
1
1545899544.906032:[17356. -1308.  4536.]
1
1545899544.967513:[19140. -1568.  2796.]
1
1545899545.0289721:[17092.  -380.  6280.]
1
1545899545.0904498:[19776.  1096.  3196.]
1
1545899545.151881:[17232.  -816.  5664.]
1
1545899545.2173991:[16720.  -448.  5812.]
1
1545899545.2788532:[19284. -1152.  5916.]
1
1545899545.34029:[18216.  -324.  4680.]
1
1545899545.401719:[18420.   404.  3020.]
1
1545899545.4672608:[18692.  -248.  3276.]
1
1545899545.528665:[19180.  -112.  2580.]
1
1545899545.590427:[16460.   184.  6416.]
1
1545899545.6515021:[19384.   124.  3032.]
1
1545899545.712907:[16596.   632.  3996.]
1
1545899545.778404:[17548.  3884.  2836.]
1
1545899545.8401148:[17484. -2120.  5232.]
1
1545899545.901383:[15852.  1416.  4224.]
1
1545899545.966847:[16516.  1416.  3400.]
1
1545899546.0283678:[18304.  1236.  3164.]
1
1545899546.089818:[16316.  -292.  5228.]
1
1545899546.1553311:[20028. -4036.  6896.]
1
1545899546.212662:[1.8072e+04 8.0000e+00 2.8800e+03]
1
1545899546.278162:[18716. -1836.  4764.]
1
1545899546.339597:[17580.   432.  4160.]
1
1545899546.4051058:[16148. -2052.  5120.]
1
1545899546.466601:[18284.  -352.  3676.]
1
1545899546.527972:[16320.   808.  4924.]
1
1545899546.589571:[19060. -1860.  8828.]
1
1545899546.650893:[19108.  -752.  2540.]
1
1545899546.712349:[18128.   396.  4416.]
1
1545899546.778014:[20676. -2072.  3276.]
1
1545899546.839394:[18756. -1304.  6248.]
1
1545899546.900774:[19364.  -172.  5796.]
1
1545899546.966292:[25116. -2448.  2868.]
1
1545899547.027722:[18148.  -348.  6700.]
1
1545899547.089283:[17232. -1508.  5584.]
1
1545899547.1505861:[19648.  -272.  3384.]
1
1545899547.2120929:[18732.   936.  3976.]
1
1545899547.2775419:[20072.   576.  3156.]
1
1545899547.339006:[14416.   672.  6112.]
1
1545899547.400515:[16284.   812.  4532.]
0
1545899547.465985:[21040.  -956.  1548.]
1
1545899547.527661:[19576.   944.  2604.]
1
1545899547.5891578:[21844.  -516.  1040.]
1
1545899547.650475:[18060.  3120.  2568.]
1
1545899547.715839:[20216. -1900.  2028.]
1
1545899547.780158:[21432. -2588.  2212.]
1
1545899547.839484:[15592.  -176.  6404.]
1
1545899547.900108:[17072.   772.  3552.]
1
1545899547.965642:[20384. -1160.  4708.]
1
1545899548.0270789:[18000.  1624.  3676.]
1
1545899548.088633:[22344. -7248.  4572.]
1
1545899548.1540139:[18716. -1120.  4224.]
1
1545899548.211529:[17824.   516.  2556.]
1
1545899548.27689:[16664.   896.  2132.]
1
1545899548.338471:[19436. -4524.  3820.]
1
1545899548.403872:[18620. -1140.  6376.]
1
1545899548.465373:[18436. -2484.  5956.]
1
1545899548.526859:[17756. -1912.  7172.]
1
1545899548.588299:[18304.  -132.  6336.]
1
1545899548.6537511:[17852.  1268.  5432.]
1
1545899548.715199:[19128.   316.  6564.]
1
1545899548.776763:[15536.  1488.  7136.]
1
1545899548.838237:[18000.  -776.  6256.]
1
1545899548.903615:[17172. -1224.  6084.]
1
1545899548.965031:[18168.   120.  5288.]
1
1545899549.026496:[19340.   636.  4388.]
1
1545899549.08802:[18172.  -632.  4928.]
1
1545899549.149441:[16888.   248.  5960.]
1
1545899549.214908:[15492.   272.  6640.]
1
1545899549.276382:[17852.  -488.  4688.]
1
1545899549.3418932:[17332. -1096.  5720.]
1
1545899549.39923:[19036.    68.  5904.]
1
1545899549.464774:[20456. -2544.  4196.]
1
1545899549.526218:[16048.   712.  5340.]
1
1545899549.58815:[17832.  1772.  5044.]
1
1545899549.653149:[17792.  -100.  6168.]
1
1545899549.714663:[16664.  1052.  4940.]
1
1545899549.776014:[17412.   564.  5248.]
1
1545899549.841962:[22520. -5944.  7104.]
1
1545899549.902941:[17672.  -248.  4288.]
1
1545899549.9643881:[17684.   544.  4944.]
1
1545899550.0260632:[18020.  -500.  6008.]
1
1545899550.087414:[18008.  -372.  4852.]
1
1545899550.1527889:[18272.  -372.  5764.]
1
1545899550.2142851:[16440. -1440.  6104.]
1
1545899550.275721:[21396.  -580.  4276.]
1
1545899550.337194:[17500.   -24.  5512.]
1
1545899550.4026828:[20516. -2052.  4880.]
1
1545899550.464182:[18256. -1676.  6012.]
1
1545899550.525589:[18176.  -620.  5276.]
1
1545899550.587726:[18116.  -340.  5568.]
1
1545899550.652522:[17932.  -796.  5976.]
1
1545899550.713942:[17872.   948.  5896.]
1
1545899550.775488:[19900. -1348.  5040.]
1
1545899550.8419971:[19356.   172.  3944.]
0
1545899550.8984032:[18556.   804.  3612.]
1
1545899550.9642382:[19516.   380.  4264.]
1
1545899551.026229:[19304.   312.  5316.]
1
1545899551.087203:[20492.   240.  3088.]
1
1545899551.148237:[21132.   204.  4028.]
1
1545899551.213726:[25248. -1048.  1324.]
1
1545899551.2752159:[14240.  -228.  5656.]
1
1545899551.342368:[24316. -5536.  1764.]
1
1545899551.402059:[17496.  2916.  4488.]
1
1545899551.463479:[17452.   232.  4108.]
1
1545899551.525016:[19160.  -224.  3756.]
1
1545899551.587112:[17916.   844.  3940.]
1
1545899551.6519308:[17840.  1636.  4248.]
1
1545899551.710104:[17412.    96.  4840.]
1
1545899551.7761412:[18004.   532.  3880.]
1
1545899551.840697:[19356. -1868.  4284.]
1
1545899551.901684:[17312.  -900.  6168.]
1
1545899551.963114:[19056.   284.  3600.]
1
1545899552.024697:[18296.  -308.  4068.]
1
1545899552.0860631:[18840.  -712.  4676.]
1
1545899552.151575:[17996.  -428.  6140.]
1
1545899552.213055:[17200. -2496.  6808.]
1
1545899552.274552:[16424. -1972.  5656.]
1
1545899552.3359082:[15312.  -564.  7128.]
0
1545899552.401406:[16808.  -464.  6956.]
1
1545899552.4629629:[17072. -1176.  6420.]
0
1545899552.5284:[ 17304. -10044.   9436.]
1
1545899552.5898812:[17632. -1176.  7392.]
1
1545899552.651265:[18084.  -988.  6292.]
1
1545899552.7127192:[15648.   124.  7104.]
1
1545899552.774487:[18736. -1504.  5132.]
1
1545899552.835698:[19356.   936.  4312.]
1
1545899552.901149:[17812. -2364.  5596.]
1
1545899552.962626:[16224.  -220.  4364.]
1
1545899553.028197:[20564. -1312.  3284.]
1
1545899553.0896:[20964. -3696.  4340.]
1
1545899553.1510541:[22204. -5824.  1516.]
1
1545899553.2124841:[16184.   280.  5436.]
1
1545899553.278334:[21004. -7420.  2252.]
1
1545899553.33955:[19312. -1396.  4664.]
1
1545899553.400893:[16744. -2152.  5224.]
1
1545899553.462345:[18236.  -652.  3736.]
1
1545899553.52768:[17928.   856.  2604.]
1
1545899553.58569:[16912.   -48.  3232.]
1
1545899553.65071:[18724. -2096.  5036.]
1
1545899553.7125812:[18192. -1524.  4444.]
1
1545899553.773985:[18436.  -732.  4096.]
1
1545899553.8394518:[17248. -1276.  3744.]
1
1545899553.900512:[19040. -1392.  5028.]
1
1545899553.9620109:[17644. -2172.  4092.]
1
1545899554.02758:[18608. -1244.  5512.]
1
1545899554.0890381:[21732. -1940.  4056.]
1
1545899554.150363:[17768. -1784.  3248.]
1
1545899554.2118258:[17024.  -304.  5548.]
1
1545899554.273408:[19964.  -312.  5332.]
0
1545899554.338772:[17472.  -792.  5224.]
1
1545899554.400203:[18944.   -24.  5652.]
1
1545899554.4616902:[16852. -1148.  5572.]
1
1545899554.5231528:[18656.  -760.  5232.]
1
1545899554.588744:[19328. -1292.  4148.]
1
1545899554.6500428:[17844.  -492.  6556.]
1
1545899554.711555:[20368.  -584.  2220.]
1
1545899554.773006:[19472.  -612.  3856.]
1
1545899554.838607:[17376. -1340.  5480.]
1
1545899554.8999748:[18756. -1836.  1748.]
1
1545899554.9613838:[17928.  -568.  3396.]
1
1545899555.026925:[18856. -2152.  3908.]
1
1545899555.0883589:[18260. -1392.  5356.]
1
1545899555.149819:[18748. -1940.  4784.]
1
1545899555.2112262:[20004. -2700.  5224.]
1
1545899555.2730298:[17156.  1664.  3516.]
1
1545899555.3383:[17640.  -864.  5456.]
1
1545899555.3997471:[17640. -2144.  4548.]
1
1545899555.461098:[17796.  -828.  3224.]
1
1545899555.524916:[20148.  -852.  3924.]
1
1545899555.589331:[19376. -1688.  5188.]
1
1545899555.6495218:[17616.  -656.  4832.]
1
1545899555.714995:[18012. -1532.  3400.]
1
1545899555.776552:[19020. -1648.  4340.]
1
1545899555.838179:[17040. -1656.  4036.]
1
1545899555.899312:[17336. -1776.  9020.]
1
1545899555.964781:[16596. -1524.  6540.]
1
1545899556.0263581:[17816. -1528.  6024.]
1
1545899556.087782:[19024. -1632.  6868.]
1
1545899556.149156:[18624.  -692.  3232.]
1
1545899556.214654:[19032. -1432.  4284.]
1
1545899556.276185:[18216. -1260.  5400.]
1
1545899556.337543:[18168.  -664.  6184.]
1
1545899556.398966:[18100.    76.  5108.]
1
1545899556.460607:[15284.  -592.  8092.]
1
1545899556.522007:[19804.    68.  2988.]
1
1545899556.5874078:[18736.  1096.  3372.]
1
1545899556.6488519:[18800.  -788.  5508.]
1
1545899556.71034:[17688.  -684.  6796.]
1
1545899556.775887:[26336. -3620. -1248.]
1
1545899556.83729:[ 29732. -12092.   5160.]
1
1545899556.898755:[ 3920.  2736. 18704.]
1
1545899556.960157:[ 4592.  2332. 11080.]
0
1545899557.025696:[32767. -8412. -2648.]
1
1545899557.0911748:[ 32767.  -3496. -32768.]
1
1545899557.14857:[20796.  -380. -3232.]
1
1545899557.214117:[13656.  3796. 10888.]
1
1545899557.275595:[23560. -6528. 16632.]
1
1545899557.337452:[25720.  4372. -4416.]
1
1545899557.398422:[17048.  -632.  6100.]
1
1545899557.4641652:[12088. -1860.  9236.]
1
1545899557.525451:[22144.  8604. 10432.]
2
1545899557.588875:[-2940.  -104. 14524.]
2
1545899557.652318:[16044. -2400.  2572.]
1
1545899557.71385:[ 32767.  -3440. -10336.]
1
1545899557.775638:[ 4168.   308. 22732.]
1
1545899557.8482292:[26628. 18352. 14076.]
0
1545899557.9022138:[ 21916. -11044.  -8656.]
1
1545899557.96358:[22388. -3140.  1832.]
1
1545899558.0250938:[16364.   704. 20196.]
1
1545899558.0865548:[29872.  4748.  1880.]
1
1545899558.1479192:[22092.  -596.  -368.]
1
1545899558.213641:[20816.  -448.  2860.]
1
1545899558.2749681:[ 8828.   328. 12020.]
1
1545899558.3362901:[14576.  1008.  2984.]
1
1545899558.397763:[16840.  3264.  1976.]
2
1545899558.463321:[ 21908. -10408.  12528.]
1
1545899558.524729:[23980.  -280.  1324.]
1
1545899558.586487:[17592.  1844.  2580.]
1
1545899558.647668:[2356. 3140. 3488.]
1
1545899558.713346:[32767. -9192.  2284.]
1
1545899558.774579:[  744. 17656.  2376.]
1
1545899558.836069:[18692.  1456.  5912.]
2
1545899558.90153:[ 32767. -12824.   1624.]
1
1545899558.967107:[ 32767. -13028. -11064.]
1
1545899559.0285382:[29536. -8772. -1900.]
1
1545899559.085873:[6940. 8128. 2648.]
1
1545899559.151395:[26904. -5240.  7356.]
1
1545899559.212875:[16752.   140.  8584.]
1
1545899559.274345:[11928.  -872. 11268.]
1
1545899559.339914:[13396.  -772. 10552.]
1
1545899559.401234:[13588. -1080.  9908.]
1
1545899559.4627929:[ 8480.  6408. 11060.]
1
1545899559.524905:[13560. -3832.  9376.]
1
1545899559.586984:[16976.   820.  9552.]
1
1545899559.651115:[16748. -9628.  8156.]
1
1545899559.7126951:[14728. -1808. 12784.]
1
1545899559.7832599:[17620. -3660. 18160.]
1
1545899559.835846:[17104.  1036.  8152.]
1
1545899559.900955:[21624.  -272.  1452.]
1
1545899559.962453:[16068.   272. 11600.]
1
1545899560.0238929:[15032.  1516. 19688.]
0
1545899560.089385:[ 28268.  -3324. -11260.]
1
1545899560.150777:[14412. -2180. 11476.]
0
1545899560.216377:[32767. -8728. -3336.]
1
1545899560.277746:[ -816. -7080. 29672.]
1
1545899560.3393059:[32767. -7696. 10728.]
1
1545899560.400675:[32767. -7028.   980.]
1
1545899560.462116:[22392.   828.   804.]
1
1545899560.527595:[ -664. 12128. 16732.]
1
1545899560.584976:[2984. 6724. 9872.]
2
1545899560.6505:[ 23112.   2868. -17532.]
1
1545899560.7160199:[21548. -5440. -1120.]
1
1545899560.7775161:[ 32767. -17108.   8140.]
1
1545899560.8349319:[ 952.  928. 3200.]
1
1545899560.900335:[ 21156.   -768. -17612.]
1
1545899560.961844:[16772.  -864. 20628.]
1
1545899561.023293:[28568.  2140.  2368.]
1
1545899561.088763:[ 32767.  -2280. -27324.]
1
1545899561.146112:[15432.   320.   864.]
1
1545899561.215722:[-1052. -5468. 23524.]
1
1545899561.277205:[19836. -4736. 15956.]
1
1545899561.3345652:[19840. -5272.    48.]
1
1545899561.400107:[13564. -6856.  8348.]
1
1545899561.461535:[15392.  3484. 13260.]
1
1545899561.5230742:[32767.   -64. -5880.]
1
1545899561.589233:[12580.  1144.  1200.]
1
1545899561.649886:[  256. -1152. 23952.]
1
1545899561.711384:[-1552.  1508. 26004.]
1
1545899561.7768168:[18396.  5836. -3324.]
2
1545899561.838274:[12596.   144. 22856.]
1
1545899561.899767:[ 8040. -1912. 12812.]
1
1545899561.9612548:[6556. 4884. 5876.]
1
1545899562.026763:[-9948.  4184. 29928.]
2
1545899562.088185:[-32768.  10576.  32767.]
1
1545899562.153594:[ 32767.   3524. -18536.]
1
1545899562.215055:[32767.  3748. -8692.]
1
1545899562.2765892:[32767. -6640. -5496.]
1
1545899562.33801:[28768.  6636. -8888.]
1
1545899562.403517:[-24760.   1236.  26288.]
1
1545899562.46091:[ -744.  -712. 29868.]
1
1545899562.526437:[ 26228.  -3204. -13252.]
2
1545899562.587842:[ 32748.   4440. -14164.]
1
1545899562.653384:[ 15416.  -4880. -16144.]
0
1545899562.714838:[ 32767. -10204.   -788.]
1
1545899562.776221:[17972.  3184.  6624.]
1
1545899562.837653:[10100.  1420.  5400.]
1
1545899562.903326:[ 27680.   -768. -16552.]
1
1545899562.964618:[23392. -6784.  9820.]
1
1545899563.02203:[-4228.   540.  7300.]
1
1545899563.087529:[12420.  1840.  5644.]
1
1545899563.148958:[ 8600. -1108.  6448.]
1
1545899563.210455:[21616.  2848.  1788.]
1
1545899563.275983:[20860.  2880. 10092.]
2
1545899563.337616:[ 32767.   6500. -10808.]
1
1545899563.40323:[10092. -3616. 19840.]
1
1545899563.4643688:[23372.  5496. -6012.]
1
1545899563.5259368:[32767. -1168. -2348.]
1
1545899563.587212:[  -44.  2120. 23872.]
1
1545899563.653018:[32767.  1908. -2600.]
1
1545899563.718289:[ 32767. -13272. -26200.]
2
1545899563.776878:[-11428.   4484.  23224.]
1
1545899563.837076:[15432.  -512.  5108.]
0
1545899563.9029398:[-9112.  6720. 18180.]
1
1545899563.964128:[32767. -4080.  1648.]
1
1545899564.029624:[ 32767. -10108.  -8260.]
1
1545899564.090989:[ 32767. -10732. -11060.]
1
1545899564.1524742:[ 32767.   2156. -16564.]
1
1545899564.2138822:[-21892.   5444.  32767.]
1
1545899564.27531:[14324.  2316.  -700.]
1
1545899564.336735:[13044.  1516. -5868.]
1
1545899564.4023511:[ 31144.  -1280. -12800.]
1
1545899564.463731:[16136.   856. -2012.]
1
1545899564.525198:[18488. -1600.  7036.]
1
1545899564.590741:[12996. -3448.  6972.]
1
1545899564.652193:[13208. -2376. 13400.]
2
1545899564.7136471:[ 24480.   -704. -10736.]
1
1545899564.779078:[21824. 11208. -4716.]
1
1545899564.840853:[16264. -4512. -1904.]
1
1545899564.902213:[23372. -3336.  6880.]
1
1545899564.96341:[ 3944.  9060. 11128.]
1
1545899565.0249002:[26080. -6504.  2092.]
1
1545899565.0903811:[23036.  7656. -9952.]
2
1545899565.152204:[20976. -7492.  9388.]
1
1545899565.2133:[15876. -7640. 21568.]
1
1545899565.274695:[25180.    60.  -320.]
1
1545899565.340574:[ 5288. -1988. 10244.]
1
1545899565.4019032:[ 8264.  1740. 12188.]
1
1545899565.463304:[ 24884. -17664.   8656.]
1
1545899565.528646:[ 32767.  -3752. -28360.]
2
1545899565.590848:[-5212.  6580. 20508.]
1
1545899565.652166:[31404. -1600.  7116.]
1
1545899565.7129831:[ 3648. 14876. 10928.]
1
1545899565.7785652:[32767. -5532. -9912.]
1
1545899565.836843:[  836.  6312. 11172.]
2
1545899565.902037:[18332. 10488. -7268.]
1
1545899565.966922:[-4564. 10260. 25020.]
2
1545899566.024368:[8008. 7244. -812.]
2
1545899566.089917:[12956.  7556.  1188.]
1
1545899566.151337:[15036.  -556. 23496.]
2
1545899566.212687:[29280. -8440.  1820.]
2
1545899566.278207:[24884. -4872. 13116.]
1
1545899566.339584:[21768. -1112.  6684.]
1
1545899566.4011981:[20720. -1220.  5804.]
1
1545899566.462666:[18604. -3528.   492.]
2
1545899566.52804:[13000.  2924. 19020.]
1
1545899566.5894809:[29360.   940. -2644.]
2
1545899566.651011:[32644.  -816. -3428.]
2
1545899566.712405:[19108. -1396.  6764.]
1
1545899566.7737758:[16604.    28.  5536.]
2
1545899566.839295:[ 8032.  -164. 11860.]
1
1545899566.9010298:[22984.   392.  1384.]
1
1545899566.966261:[18912. -2612. -3776.]
1
1545899567.023644:[29344.   712. -5412.]
1
1545899567.089164:[ 32767.    776. -16012.]
1
1545899567.150711:[16032. -2612. 11980.]
1
1545899567.2161212:[-3688. 15212. 19020.]
1
1545899567.277709:[26272. -9160.  5444.]
1
1545899567.339427:[-3760.  6496. 14844.]
1
1545899567.404651:[-16288.   5128.  19244.]
1
1545899567.466093:[-3980. 20452. 10716.]
1
1545899567.527453:[ 32767. -12756.    568.]
1
1545899567.5889401:[ 32767.    484. -15100.]
2
1545899567.650534:[16264.  5968. 10096.]
1
1545899567.7158751:[-7248. 19428. 15748.]
1
1545899567.777317:[-7480. 11428. 11924.]
0
1545899567.838759:[-7524.  5712. 10872.]
1
1545899567.904362:[-26408.  15060.  27080.]
1
1545899567.965763:[ 32767.  -2320. -18708.]
2
1545899568.027182:[32767.  9436. -1456.]
1
1545899568.092771:[ 32767.  -9996. -18372.]
1
1545899568.154337:[23900. -4424. -3668.]
1
1545899568.215498:[ 29452.  -6700. -14596.]
1
1545899568.276953:[29160.  3016.  8620.]
1
1545899568.3384:[25588.  5440. -8092.]
1
1545899568.403831:[20832.  6660. -8684.]
1
1545899568.4653351:[18908.  7604. 13376.]
1
1545899568.526773:[13976.   324. 15868.]
1
1545899568.588228:[18004.  1440.  3980.]
1
1545899568.649842:[15328.  1620.  6156.]
1
1545899568.715224:[18752.  2160.  6708.]
1
1545899568.776693:[12504.  2088.  6124.]
1
1545899568.8381262:[19692.  -516.  4684.]
1
1545899568.8997781:[17780.  1868.  5044.]
1
1545899568.965027:[18252.  1092.  4200.]
1
1545899569.026491:[17920.   688.  6508.]
1
1545899569.0879202:[17224.   956.  5780.]
1
1545899569.149481:[16888.  1340.  5880.]
1
1545899569.214875:[17604.  1952.  3648.]
1
1545899569.276435:[18436.  1636.  5060.]
1
1545899569.3403509:[18976.  1256.  3940.]
2
1545899569.399796:[19160.   312.  4456.]
1
1545899569.460691:[17572.   740.  5152.]
1
1545899569.526198:[17736.  1164.  4584.]
1
1545899569.5876942:[18188.  1516.  4716.]
1
1545899569.649151:[19008.   176.  5368.]
1
1545899569.710508:[ 1.8088e+04 -8.0000e+00  6.2960e+03]
1
1545899569.7760699:[18304.   -20.  5824.]
1
1545899569.837475:[17596.   180.  6020.]
1
1545899569.898998:[18800.   280.  6468.]
1
1545899569.9603999:[19576.   224.  6240.]
1
1545899570.025933:[15284.  -628.  6364.]
1
1545899570.08733:[16316.   576.  6800.]
1
1545899570.1489449:[18248.   528.  6540.]
1
1545899570.2143092:[17960.  1488.  5728.]
1
1545899570.275709:[17708.  1600.  5776.]
1
1545899570.33714:[17032.  1620.  7248.]
0
1545899570.4026408:[17412. -1280.  6540.]
0
1545899570.464097:[17832.  1496.  5456.]
1
1545899570.525612:[17976.  2644.  6260.]
1
1545899570.586991:[17124.  1712.  7068.]
1
1545899570.648492:[17148.  2132.  7508.]
0
1545899570.713968:[18268.  1472.  6872.]
1
1545899570.7754612:[16900.  2272.  6952.]
1
1545899570.8368561:[17012.  3056.  5712.]
1
1545899570.9025211:[17764.  3088.  4908.]
1
1545899570.96382:[19020.  2960.  4720.]
1
1545899571.0253031:[18212.  1836.  5828.]
1
1545899571.0867321:[16884.  2348.  5904.]
1
1545899571.153996:[17868.  2144.  5408.]
1
1545899571.213689:[18568.  1868.  5380.]
1
1545899571.275151:[17664.  1720.  5420.]
1
1545899571.3366:[17940.  1728.  5700.]
1
1545899571.402295:[17796.  1488.  5356.]
0
1545899571.463616:[19068.  1040.  6364.]
1
1545899571.525016:[18272.   996.  6820.]
1
1545899571.586754:[17264.   600.  5744.]
1
1545899571.652056:[17740.  1396.  6704.]
1
1545899571.713418:[14944.  1624.  4772.]
0
1545899571.774976:[20636.  1904.  8624.]
1
1545899571.836304:[16752.  2084.  5108.]
1
1545899571.9030259:[18336.  1772.  6952.]
1
1545899571.963295:[19372.  2104.  6484.]
1
1545899572.024714:[17716.  2152.  6808.]
1
1545899572.086166:[16972.   288.  7024.]
1
1545899572.151805:[16788.  2584.  7944.]
0
1545899572.213099:[19600.  3816.  4392.]
1
1545899572.274622:[18880.  3536.  7720.]
1
1545899572.335993:[16620.  2760.  6736.]
0
1545899572.401512:[17556.  2788.  6308.]
1
1545899572.462894:[16956.  3500.  6196.]
0
1545899572.524343:[17336.  3256.  6556.]
1
1545899572.5858078:[16996.  4316.  6912.]
0
1545899572.651285:[16788.  2516.  7020.]
0
1545899572.712779:[16024.  3404.  5060.]
1
1545899572.774209:[18464.  2596.  5116.]
0
1545899572.839704:[18476.  3236.  6320.]
1
1545899572.901154:[16548.  2992.  7112.]
0
1545899572.962711:[17812.  2364.  5868.]
0
1545899573.0240488:[18304.  2736.  5564.]
1
1545899573.08955:[17524.  1616.  5836.]
1
1545899573.1511161:[17636.  1216.  6448.]
1
1545899573.2124789:[19200.   440.  7252.]
1
1545899573.273986:[17508.   -44.  6568.]
1
1545899573.335392:[20236.   432.  7808.]
1
1545899573.400954:[14540.   -92.  5148.]
1
1545899573.462322:[19680.  -496.  6140.]
1
1545899573.5240262:[17272.    36.  5564.]
1
1545899573.585547:[17500.    52.  3464.]
1
1545899573.650811:[18192.  1064.  6260.]
1
1545899573.7121348:[18588.   600.  7200.]
1
1545899573.7736561:[17316.  2108.  6152.]
1
1545899573.83911:[17104.  1388.  5320.]
1
1545899573.9006479:[18440.  1772.  7228.]
1
1545899573.962063:[17916. -1332.  8592.]
1
1545899574.023563:[18440.  3844.  6328.]
1
1545899574.0889568:[16576.  3088.  4928.]
1
1545899574.150574:[16620.  2840.  5536.]
1
1545899574.21216:[16896.  2716.  5848.]
1
1545899574.2733839:[19000.  2872.  5092.]
1
1545899574.338764:[16588.  6184.  7680.]
0
1545899574.400369:[18836.  4988.  8088.]
1
1545899574.4616928:[19256.  2216.  3248.]
0
1545899574.523138:[17700.  2432.  5296.]
1
1545899574.5887182:[17356.  3340.  5772.]
0
1545899574.650081:[17940.  3072.  6604.]
1
1545899574.711575:[17196.  2440.  5260.]
0
1545899574.772985:[17800.  2104.  4128.]
1
1545899574.8384588:[18308.  1304.  5244.]
1
1545899574.900257:[18980.   440.  5584.]
1
1545899574.9614332:[18524.   828.  8588.]
1
1545899575.022822:[18608.   348.  7144.]
1
1545899575.088314:[17364.  1412.  6120.]
1
1545899575.149993:[16336.   736.  5136.]
1
1545899575.211215:[17936.  1784.  5664.]
1
1545899575.272701:[17332.  1800.  5044.]
1
1545899575.338633:[18708.  2836.  6232.]
1
1545899575.399755:[17740.  2760.  5896.]
1
1545899575.4611268:[17456.  2892.  5808.]
1
1545899575.526693:[18316.  2540.  6960.]
1
1545899575.588089:[17780.  2844.  5780.]
1
1545899575.6496289:[16900.  2836.  6564.]
1
1545899575.7110488:[17864.  2148.  5872.]
1
1545899575.776454:[15960.  1584.  6544.]
1
1545899575.838233:[17988.  1324.  4880.]
1
1545899575.8995562:[17424.  1584.  5252.]
1
1545899575.960782:[19004.   112.  7336.]
1
1545899576.026322:[17484.  1100.  5056.]
0
1545899576.08785:[18332.  -152.  4304.]
1
1545899576.1512299:[21464.   992.  4224.]
1
1545899576.2106361:[18368.   520.  6228.]
1
1545899576.276195:[15868.  1336.  7644.]
1
1545899576.3376598:[20148. -2532.  6668.]
1
1545899576.398981:[12128. 12792.  9768.]
1
1545899576.460474:[18132.  -116.  4112.]
0
1545899576.5259898:[18216.  -564.  4300.]
1
1545899576.587384:[18216.  -596.  4168.]
1
1545899576.648905:[18284.  -604.  4224.]
1
1545899576.7104461:[18288.  -492.  4168.]
1
1545899576.775753:[18204.  -536.  4200.]
1
1545899576.8372638:[18176.  -532.  4348.]
1
1545899576.898659:[18108.  -512.  4204.]
1
1545899576.9601762:[18196.  -572.  4308.]
0
