1545897388.566553:[16860.  4080.  -928.]
1545897388.6317592:[18912. -1040.   200.]
1545897388.693276:[13276.  2932. -3408.]
1545897388.754734:[17420.  1328.   352.]
1545897388.8202538:[17660. -2372.  3032.]
1545897388.877652:[17620.   392.  -436.]
1545897388.943153:[18984. -2344.  2176.]
1545897389.0004601:[19932.   948.    60.]
1545897389.070153:[ 23612. -19472.   6556.]
1545897389.1314619:[17856.  1564.  1700.]
1545897389.192975:[17972.  2580. -1356.]
1545897389.25438:[16388.  3064.  1816.]
1545897389.3159301:[16392.   952.   792.]
1545897389.377331:[18780.  1584.   -28.]
1545897389.4428349:[15156.  6228. -1276.]
1545897389.504268:[18440.  2392. -2480.]
1545897389.5657501:[17704.   -76. -3464.]
1545897389.631187:[14416. -1948.   620.]
1545897389.6926668:[14036. -2464.  1980.]
1545897389.7541142:[18548. -2240.   300.]
1545897389.8156312:[17252.  1368.  4116.]
1545897389.88115:[16588.  1156.  4704.]
1545897389.942493:[18236.  4148.   616.]
1545897390.004054:[18072.  3912. -1948.]
1545897390.069526:[17948.  2668. -2928.]
1545897390.130878:[19224.  1504.  -124.]
1545897390.192481:[15224.   844. -2096.]
1545897390.253896:[19072.  1608. -6008.]
1545897390.31654:[14372. -1392.   312.]
1545897390.3767302:[20780. -3980.    64.]
1545897390.442383:[19468.   416. -2768.]
1545897390.503693:[18308. -2784.  1472.]
1545897390.565269:[18140.    68.  3440.]
1545897390.630614:[18568. -1332.  4992.]
1545897390.692096:[15884. -2304.  4492.]
1545897390.75355:[16524.  1796.   564.]
1545897390.814902:[18516.  2504.   960.]
1545897390.8803892:[18680.  -896.  2252.]
1545897390.9419332:[17764.  2624. -3912.]
1545897391.003409:[19400.  2044. -1972.]
1545897391.064873:[19112.   144. -1852.]
1545897391.130285:[15324.  3328. -1740.]
1545897391.191744:[12992.  -400.   140.]
1545897391.253183:[14360.  -508.  2160.]
1545897391.319024:[18996. -1804.  2364.]
1545897391.380159:[18964. -2432. -1672.]
1545897391.441599:[17732.  1028. -2488.]
1545897391.503034:[23804. -2304.  1684.]
1545897391.568846:[19760. -1576.  1252.]
1545897391.630044:[20996.  1800. -1000.]
1545897391.691529:[20556.   548.  6516.]
1545897391.7529569:[18476.  -332.  2164.]
1545897391.81844:[18672.  1612. -1324.]
1545897391.879879:[17196.  1500.  -736.]
1545897391.941317:[16848.  3984.   -84.]
1545897392.002709:[13724.  3848.  1696.]
1545897392.064563:[16360.   716. -1276.]
1545897392.1297128:[20332. -4144. -3320.]
1545897392.191214:[15044.  -400. -2388.]
1545897392.252631:[18112.   128. -1932.]
1545897392.318107:[17096. -1892.  2172.]
1545897392.379539:[19212.  -400.  1616.]
1545897392.436896:[17316.   624.   560.]
1545897392.502485:[16500.  1736.  4828.]
1545897392.5646012:[19952.  1152.  2252.]
1545897392.629358:[18448.  1476.  -576.]
1545897392.6907961:[17476.  1984.  -776.]
1545897392.7522109:[17536.   496.  1344.]
1545897392.81367:[17776.   -76.   944.]
1545897392.87511:[18540.   184.    20.]
1545897392.9406788:[18920. -1400. -1204.]
1545897393.0021398:[19476. -3312.  -392.]
1545897393.067601:[19404.  -628. -1152.]
1545897393.129065:[19608. -1208. -2036.]
1545897393.190537:[19060.  1104. -5012.]
1545897393.252011:[19260.  -456. -2484.]
1545897393.31779:[18528. -1388.  1580.]
1545897393.3789701:[16696. -1632.  -928.]
1545897393.4404218:[24396. -1152.  -932.]
1545897393.501853:[23752. -2796.   924.]
1545897393.563246:[17512.  1052.  3664.]
1545897393.624704:[16580.    32.  6320.]
1545897393.690212:[17360.  3136.  3108.]
1545897393.7516859:[16612.  2408.  1124.]
1545897393.813293:[17484.   204. -4212.]
1545897393.8786361:[17532.  -128.  1000.]
1545897393.936039:[12800.   948.   596.]
1545897394.0014982:[15548.  -632.  -620.]
1545897394.0631711:[18520.  2036.  -892.]
1545897394.128434:[16384.   748. -1256.]
1545897394.189933:[17328. -2064. -1156.]
1545897394.251447:[17280.   276. -2028.]
1545897394.3170502:[23904. -3620.  -600.]
1545897394.378318:[15000.   764. -2072.]
1545897394.439748:[14144.  -616.  1420.]
1545897394.501176:[17448.    32. -2384.]
1545897394.566947:[19652. -1876.  2540.]
1545897394.628117:[16608.  -176.  1372.]
1545897394.689576:[17172.  -324.  1716.]
1545897394.751037:[16644.  5144.  8320.]
1545897394.81689:[20152. -2340.  1228.]
1545897394.877954:[17976.  -132.  3136.]
1545897394.939404:[19792.   936.   492.]
1545897395.00084:[20092.   716.   764.]
1545897395.066628:[17272.  1136. -2268.]
1545897395.1277928:[18652.  1744. -1392.]
1545897395.1894348:[15596.  1488.  1036.]
1545897395.250759:[16076.  1928.  -200.]
1545897395.316406:[16960.  1556. -1704.]
1545897395.377653:[18800.  1412.   752.]
1545897395.439166:[16016.  2564. -2640.]
1545897395.5046751:[12532.  1880. -4404.]
1545897395.566483:[22632. -2544.  3608.]
1545897395.6274939:[18260.   264. -1748.]
1545897395.6890612:[15484.  3144. -1488.]
1545897395.750425:[21016.    76.  5036.]
1545897395.816108:[15836. -1516.  1460.]
1545897395.877446:[17772. -1212.  2640.]
1545897395.938912:[16568.  -204.  1376.]
1545897396.004384:[20560. -4244.  2764.]
1545897396.061808:[17792.   184.   952.]
1545897396.127213:[17512.   -40.  -360.]
1545897396.1886861:[18280.  3656.   -92.]
1545897396.2501209:[17084.   124.   836.]
1545897396.315851:[17788.  2612.  -156.]
1545897396.377097:[19680.  1628. -1704.]
1545897396.438655:[17856.   964.   244.]
1545897396.50405:[16368.  2364. -2440.]
1545897396.566232:[14976.  1188.  -648.]
1545897396.6268768:[19300.  1388. -2464.]
1545897396.688402:[16788.  1496.  -732.]
1545897396.7541661:[21844. -1596. -1504.]
1545897396.815283:[20444. -1028.   996.]
1545897396.876778:[22492. -1980. -2520.]
1545897396.942367:[22972. -3184. -1448.]
1545897396.999656:[18624.  -588.  -240.]
1545897397.061412:[12752.  -504.   616.]
1545897397.126631:[14980. -1544.  1100.]
1545897397.183924:[2.0084e+04 3.1080e+03 4.0000e+00]
1545897397.249492:[14136.  6808.  1404.]
1545897397.315564:[18420. -3916.  3216.]
1545897397.376458:[17696. -3444.  1336.]
1545897397.4380212:[20736. -1404.   296.]
1545897397.499325:[16124.   500.  2016.]
1545897397.564969:[16220.  -456.  1320.]
1545897397.626286:[17056.  1660.  2132.]
1545897397.687798:[18164.  2264.  1020.]
1545897397.749226:[17824.   508.  1256.]
1545897397.814741:[19008.  1912. -2960.]
1545897397.87623:[20412. -8496. -4456.]
1545897397.937671:[18152.  1312. -3428.]
1545897397.999061:[15288.  8204.  1904.]
1545897398.064745:[16060.  1420. -1864.]
1545897398.12604:[17808.   268. -1312.]
1545897398.187585:[20008. -2496.  1212.]
1545897398.248925:[16844.  -292.   256.]
1545897398.310634:[18136.   880.  -640.]
1545897398.3758562:[16416.   796.  3940.]
1545897398.4373188:[17704.   300.  -852.]
1545897398.498832:[15424.  3236.  3704.]
1545897398.5642052:[19396.  1096.  1876.]
1545897398.625717:[15284. -4992.  4248.]
1545897398.687104:[17864.   -48.  1792.]
1545897398.748565:[20184.  1068.  -376.]
1545897398.810165:[18076.  3088.   232.]
1545897398.875488:[17444.  2384.   680.]
1545897398.936971:[19388.  2512. -2400.]
1545897398.998461:[13876.  1216.  1712.]
1545897399.0639832:[22428.  2576. -9728.]
1545897399.125395:[15844.  7020.  2704.]
1545897399.18688:[16908.  -472. -2536.]
1545897399.252318:[21140. -3708.  -924.]
1545897399.313771:[16316.  -112. -1896.]
1545897399.375212:[21180. -2312.  1556.]
1545897399.436712:[20856. -1824.  5432.]
1545897399.498101:[17660.  -988.  1084.]
1545897399.563683:[16736.  1808. -1044.]
1545897399.625118:[20672.  1576.  2332.]
1545897399.6865642:[17848.  1488.  1052.]
1545897399.747984:[18620.  1880.   656.]
1545897399.8134882:[19592.  1464.  -464.]
1545897399.874977:[16876.  2512. -6076.]
1545897399.936416:[18132.  3128.   864.]
1545897400.0019279:[17396.  2944. -4764.]
1545897400.063512:[16496.  1740. -2268.]
1545897400.1248488:[19544.  1040. -3544.]
1545897400.190329:[17868.  -820. -1948.]
1545897400.251744:[20488. -4736.   484.]
1545897400.313216:[18032. -1984. -1012.]
1545897400.3746839:[16112. -1952.  2872.]
1545897400.4361432:[19868.  1020.   224.]
1545897400.5016441:[17360.  3668.  -524.]
1545897400.563435:[20660. -5320.  2500.]
1545897400.62444:[17556.  2692.  1696.]
1545897400.685882:[15924.  2880.  3040.]
1545897400.7513971:[17136.  1584.  3676.]
1545897400.812841:[18304.  1540. -2560.]
1545897400.8743281:[16908.  3004. -1340.]
1545897400.939761:[15340.  3556. -2160.]
1545897401.0012538:[14228.  4468. -5292.]
1545897401.062728:[17488. -1516. -1680.]
1545897401.1241379:[17776.   192.  -828.]
1545897401.1855822:[18964.  -300.   344.]
1545897401.2510662:[15532.  1008.  -812.]
1545897401.309282:[18140.   372.   800.]
1545897401.37397:[14104.   832. -1632.]
1545897401.439512:[16520.  1360. -2100.]
1545897401.5009658:[22616.  -552. -1428.]
1545897401.5624242:[18500.  3440.  2016.]
1545897401.623853:[16028.  2300.  2376.]
1545897401.685438:[19720.  -908.  4356.]
1545897401.750835:[15560.  4364. -1372.]
1545897401.812267:[16240.  3188.  -984.]
1545897401.873753:[19112.  1328. -2756.]
1545897401.9351811:[19604.   908. -2984.]
1545897402.0007071:[16824.  2564. -3440.]
1545897402.062279:[15404.  3196. -2252.]
1545897402.1235719:[15960.  1032. -3092.]
1545897402.18501:[14996. -1532.   436.]
1545897402.2505028:[17404.  3368. -4556.]
1545897402.312232:[17680. -1096.  -476.]
1545897402.373406:[17684.  1032.  3832.]
1545897402.434902:[16856. -1300.   848.]
1545897402.496491:[16520.   516.  1020.]
1545897402.5621839:[19740. -2872.   712.]
1545897402.6232572:[19572.  2800.  2244.]
1545897402.684662:[18896.   956. -1556.]
1545897402.750228:[17152.  2296. -1788.]
1545897402.8118331:[17772.   564.  -820.]
1545897402.873046:[18280.   272.  -908.]
1545897402.934507:[19128. -5936.   340.]
1545897403.00003:[18608.   436. -1384.]
1545897403.061646:[17888.  3472. -2700.]
1545897403.12297:[15824.  4264.   -96.]
1545897403.184406:[16544.   -28. -2416.]
1545897403.250916:[16328.  -156. -1600.]
1545897403.311605:[17904.  -304.   164.]
1545897403.372836:[18900. -1528.  -232.]
1545897403.434222:[18172.   820. -1260.]
1545897403.4956758:[16896.  1332.   328.]
1545897403.5613341:[16400.  -888.  2120.]
1545897403.622633:[18380.  -960.  2144.]
1545897403.684059:[16876.  3948.  2060.]
1545897403.745609:[20044.   664.   940.]
1545897403.811218:[19160.  4532. -2048.]
1545897403.8728151:[17304.  3428. -2048.]
1545897403.93802:[20224.  3500. -3396.]
1545897403.999449:[15520.  2816.  -792.]
1545897404.0608919:[16536.  -144.  -116.]
1545897404.126417:[17696. -1776. -4128.]
1545897404.187941:[16768. -1632. -1808.]
1545897404.249367:[17916. -2120. -1664.]
1545897404.3109179:[16312.  -596. -2152.]
1545897404.3722749:[21864. -3000.   288.]
1545897404.437716:[19100. -1592.  4780.]
1545897404.499178:[19172.  2076.  -440.]
1545897404.561103:[18036.   888.  2072.]
1545897404.626119:[21124. -3180.  -796.]
1545897404.68341:[18552.   272.   544.]
1545897404.744937:[19820.  -692.   780.]
1545897404.810472:[18224.   484.  2576.]
1545897404.871806:[17560.  1276.  1444.]
1545897404.937346:[17776.  1796. -1664.]
1545897404.99877:[18672.  1964. -2084.]
1545897405.060628:[17096.  1364.  -388.]
1545897405.1257448:[15840.  3656. -2108.]
1545897405.187252:[19220. -2956. -2968.]
1545897405.248731:[16628.   568. -3144.]
1545897405.3104908:[17912.  -904. -2092.]
1545897405.371587:[14548.  -844.  1424.]
1545897405.437131:[21136. -1912. -2596.]
1545897405.4985468:[16392. -2096.  1636.]
1545897405.560009:[14736. -1476.  3532.]
1545897405.621396:[21064.   156.  -600.]
1545897405.682891:[19740.  1180.   -28.]
1545897405.7483678:[15276.  -868.  4688.]
1545897405.8098419:[16156.  4432.   768.]
1545897405.871273:[16112.  2024.  2912.]
1545897405.936769:[14184.  2080.  3328.]
1545897405.998249:[16684.  2684. -3300.]
1545897406.059813:[16252.  3420.  1304.]
1545897406.125182:[18812.  -384. -2636.]
1545897406.186778:[14740.  1240. -2848.]
1545897406.248128:[18696. -2564. -2708.]
1545897406.30956:[18700.  -316. -2448.]
1545897406.370964:[24836. -3336.   828.]
1545897406.4325:[15692.   784.   276.]
1545897406.498254:[16600. -1760.  -592.]
1545897406.560286:[19380.   276.  2548.]
1545897406.620831:[17976.  -100.  2452.]
1545897406.6862972:[15328.  2388.  2364.]
1545897406.7477388:[16736.  4464.   936.]
1545897406.809298:[20268.  3568. -1844.]
1545897406.874659:[17392.  3236. -1172.]
1545897406.9360828:[17304.  1984.  1184.]
1545897406.9977138:[15804.  5324.  1668.]
1545897407.055059:[18816.    88.   612.]
1545897407.124513:[15684.  3520. -1860.]
1545897407.1859682:[21240. -1228. -3776.]
1545897407.247468:[20888.  -356. -2876.]
1545897407.309375:[17936. -2404.  3504.]
1545897407.3744051:[22004.  2352. -4812.]
1545897407.4317818:[14880.   368.   324.]
1545897407.497292:[17496. -2268.   416.]
1545897407.558738:[18876. -2584.  -648.]
1545897407.624203:[16932. -2804.  4696.]
1545897407.6856651:[17192.  3768.  1436.]
1545897407.747169:[19460. -2700.  2528.]
1545897407.808751:[19488.  2492. -2248.]
1545897407.8700879:[16248.  3692.   352.]
1545897407.935524:[20408.  2692. -4408.]
1545897407.997005:[16152.  2252. -2400.]
1545897408.059009:[16064.  2872. -2440.]
1545897408.123927:[12504.  4448. -2480.]
1545897408.185375:[18752.  -580. -1980.]
1545897408.2469509:[19568.  -880.   -76.]
1545897408.3128672:[21724. -2128. -1148.]
1545897408.369733:[16616.   -76.  2104.]
1545897408.435232:[19404. -3676.   968.]
1545897408.496695:[19012.  2540.  1200.]
1545897408.55834:[21080.  -528.  2504.]
1545897408.619628:[15244.  2696.   488.]
1545897408.685143:[16960.  2404. -1096.]
1545897408.742522:[16896.   612.   328.]
1545897408.808028:[16760.  1460.   992.]
1545897408.8735309:[19368.  1508. -2184.]
1545897408.93488:[16020.  3584. -1156.]
1545897408.9964118:[18904.  1652. -2364.]
1545897409.062061:[18272.  2364. -3212.]
1545897409.1233191:[20740. -3232. -1056.]
1545897409.184808:[19444.   372. -4632.]
1545897409.246163:[15272.   700.   232.]
1545897409.311937:[16740. -3808.  2124.]
1545897409.373279:[15884. -1024.  -416.]
1545897409.434596:[15312.   132.  3088.]
1545897409.496114:[18076. -1016.  1828.]
1545897409.561617:[20852. -3352.  -100.]
1545897409.6230311:[17664.  -968.  3020.]
1545897409.684458:[20260.  3832. -1144.]
1545897409.745943:[16176.  2092.  1072.]
1545897409.807565:[19352.   700.  -640.]
1545897409.872899:[19420.  2284. -2200.]
1545897409.934359:[17972.  2132. -4164.]
1545897409.9958138:[15708.  1760.  -500.]
1545897410.061424:[18816. -3304. -1372.]
1545897410.122862:[18328.   -96. -3200.]
1545897410.184171:[18972.   124.  4552.]
1545897410.245619:[12084.   168. -6368.]
1545897410.307837:[14628.  -568.  4104.]
1545897410.372631:[17776. -2312.  5472.]
1545897410.434038:[18400. -7160.  4236.]
1545897410.495507:[17160.   204.  1276.]
1545897410.556999:[17640.   876.  2340.]
1545897410.618411:[16848.  3276.   332.]
1545897410.683873:[18780.  3460. -3460.]
1545897410.7453928:[16744.  2808.  -260.]
1545897410.806983:[18056.  1968.  -532.]
1545897410.872264:[17652.  4720. -1648.]
1545897410.9337:[17656.  1372.  -996.]
1545897410.995116:[20164.   308. -4456.]
1545897411.060776:[17660. -1808.  -544.]
1545897411.122169:[17184.  -200. -2188.]
1545897411.1835258:[17844. -4068.   972.]
1545897411.24495:[14892. -2296.   420.]
1545897411.3107939:[17948. -1416.  1036.]
1545897411.371927:[23220.  7500. -4232.]
1545897411.4293602:[19180.   208.   -32.]
1545897411.4948301:[18932.   -32.  4372.]
1545897411.560417:[19708.  4772. -2892.]
1545897411.621838:[18532.  2464. -2356.]
1545897411.683265:[17644.   340. -2268.]
1545897411.7447412:[20772.  1796.  -268.]
1545897411.810218:[18336.  4544. -2312.]
1545897411.87169:[16840.  1820.  -936.]
1545897411.9289868:[ 1.8792e+04  4.0000e+00 -4.1200e+02]
1545897411.9986298:[18676. -2300. -1876.]
1545897412.060236:[19232.  -360. -4020.]
1545897412.121537:[17300. -1384.  -528.]
1545897412.182952:[17236. -1800.  4596.]
1545897412.244444:[23576.   212. -1540.]
1545897412.305983:[22072.  2084.  2148.]
1545897412.3713012:[18128.  -976.  2312.]
1545897412.432769:[15388.  5000.   200.]
1545897412.494573:[15676. -3796.  5200.]
1545897412.555823:[17056.  1048.  2816.]
1545897412.621171:[17992.  2040.  -772.]
1545897412.682712:[16368.  3076.  -672.]
1545897412.744082:[19564.   856.   164.]
1545897412.809645:[16892.  1876. -1000.]
1545897412.8669372:[18384.   936.  -808.]
1545897412.9324539:[19344.   -36. -1112.]
1545897412.993912:[17424.   332. -1424.]
1545897413.055545:[17828.  -972.  -360.]
1545897413.116797:[18416.  -272.   608.]
1545897413.1823602:[17712.  -376.   692.]
1545897413.243767:[18944.  1612.    56.]
1545897413.305294:[19192.  -536.  1152.]
1545897413.36664:[17892.  1948.   452.]
1545897413.432121:[18892.  1428.  1424.]
1545897413.494297:[16936.  2640.  2056.]
1545897413.559229:[15984. 10164. -3844.]
1545897413.6205592:[16520.  2956. -2028.]
1545897413.682077:[17644.  2896. -1404.]
1545897413.743489:[18608.   264.  -968.]
1545897413.805074:[18472.   796. -1260.]
1545897413.866365:[16872.    24. -1124.]
1545897413.9318779:[18476.  -624.  -764.]
1545897413.993475:[19792.  -668.   540.]
1545897414.055588:[13364.  -732.  1904.]
1545897414.120241:[13248.  4596.  3412.]
1545897414.181877:[19800.   -80.  2164.]
1545897414.243223:[17996.  2176.  2232.]
1545897414.3049998:[18208.  2372.   -60.]
1545897414.366106:[17472.  2548.   744.]
1545897414.431721:[16608.  3080. -1976.]
1545897414.493529:[20732.  2564.  -424.]
1545897414.554558:[17716.  1688.   152.]
1545897414.620012:[17380.  1212. -1288.]
1545897414.6814358:[17592.  -260.  -660.]
1545897414.7430668:[17560.  -544.   444.]
1545897414.804468:[19584.  -156.  2096.]
1545897414.86576:[17152.   256.  3040.]
1545897414.931206:[19960.   880.  3984.]
1545897414.992705:[19368.  1872.  1308.]
1545897415.054312:[17760.  2436.  3440.]
1545897415.11956:[16984.  3592.  1324.]
1545897415.18111:[16708.  3252.  1448.]
1545897415.242589:[18308.  5532. -2388.]
1545897415.308233:[16960.  3200. -1864.]
1545897415.369476:[16748.  2428. -3520.]
1545897415.43095:[17904.   772. -1480.]
1545897415.492495:[16252.   716.   560.]
1545897415.554108:[22548.   412.  1072.]
1545897415.6193228:[16900.  -316.  2108.]
1545897415.680798:[17160.   892.  1828.]
1545897415.742375:[18504.  1064.  1828.]
1545897415.8038342:[21296.  2380.  1676.]
1545897415.8691761:[19116.  2984.  3060.]
1545897415.930638:[15920.  3476.  3120.]
1545897415.992084:[14204.  4612.   452.]
1545897416.05761:[17740.  4508. -1776.]
1545897416.1189902:[17080.  3480. -2096.]
1545897416.1806211:[17660.  2776. -2356.]
1545897416.241933:[17328.  1440. -3440.]
1545897416.307583:[19732.  -220. -2020.]
1545897416.364852:[18620.    52. -1036.]
1545897416.430376:[19348.  -272.  1252.]
1545897416.4917939:[17848.  1348.  2684.]
1545897416.553548:[18844.  2892.  2172.]
1545897416.614675:[17752.   860.  3476.]
1545897416.680171:[17800.  2732.  3232.]
1545897416.741685:[16308.  4064.  -160.]
1545897416.807245:[16896.  6064. -3208.]
1545897416.868602:[17192.  4820. -1460.]
1545897416.930039:[17468.  3812.   424.]
1545897416.99156:[17292.  2584. -3092.]
1545897417.0528908:[17568.   108. -2700.]
1545897417.114382:[17512.  -260.    40.]
1545897417.179828:[23096.    32. -1324.]
1545897417.2413042:[15824.   276.   892.]
1545897417.3027132:[22448.   676. -1576.]
1545897417.364188:[17664.   492.  1696.]
1545897417.429701:[21808.   156.  2024.]
1545897417.4912891:[17496.  1144.  2976.]
1545897417.5526888:[17044.  2016.  4800.]
1545897417.6180859:[16064.  3744.  2468.]
1545897417.679552:[16844.  4140.   204.]
1545897417.7410629:[16772.  3856.  -304.]
1545897417.802937:[16796.  4132.  1712.]
1545897417.863887:[18144.  2164.   156.]
1545897417.9293818:[16480.  2648. -1660.]
1545897417.991207:[18432.  3864. -3320.]
1545897418.056444:[18648.  -840. -3552.]
1545897418.117769:[17592.   272. -1324.]
1545897418.1751838:[18224.   268.   916.]
1545897418.240727:[17164.  -368.  2344.]
1545897418.302342:[18712.   616.  1492.]
1545897418.363601:[18608.   528.  2176.]
1545897418.42923:[18976.  2432.  1240.]
1545897418.4909298:[16948.  3456.   436.]
1545897418.55223:[15188.  6392.   556.]
1545897418.617523:[16212.  4480. -3176.]
1545897418.679005:[16876.  3140.  -516.]
1545897418.740596:[17192.  3088. -2704.]
1545897418.808086:[16784.  1636. -1804.]
