1545899989.276039:[16676.  8016.  5760.]
1
1545899989.337464:[18428.  6692.  4580.]
1
1545899989.402976:[15636.  6188.  6052.]
1
1545899989.4648042:[16828.  6172.  3048.]
1
1545899989.5258298:[18136.  6496.  1132.]
1
1545899989.5913339:[13188.  -500. 21288.]
1
1545899989.652936:[21016.  5360.  2080.]
1
1545899989.714418:[18472.  1960.  5616.]
1
1545899989.775719:[16748.   908.  4672.]
1
1545899989.841248:[16440.  1768. 13720.]
2
1545899989.902658:[18268.  2100.  5364.]
1
1545899989.9645162:[21968.  2508. 10008.]
1
1545899990.0255842:[15108.  -672.  7060.]
1
1545899990.0870268:[17880.  1116.  7120.]
1
1545899990.1525602:[19268.  4848.  4676.]
2
1545899990.214337:[17056.  2228.  8044.]
2
1545899990.275468:[17352.  5920.  7480.]
1
1545899990.336923:[16908.  6172.  6328.]
1
1545899990.402775:[17700.  4184.  4464.]
1
1545899990.4681568:[ 28072.   1356. -12796.]
2
1545899990.525343:[21124.  5740.  4232.]
1
1545899990.5907881:[15260.  7084.  3968.]
1
1545899990.652307:[17372.  4740.  2500.]
2
1545899990.713856:[17612.  3400.  2424.]
2
1545899990.775121:[15784.   204.  8672.]
2
1545899990.836614:[16196.   176.  -124.]
1
1545899990.902148:[18224.  4296.  1544.]
1
1545899990.9637172:[21180.  2244.   660.]
2
1545899991.029001:[16848. -3268.  6896.]
2
1545899991.086431:[19836.   -40.  9100.]
1
1545899991.151988:[17312.  1260.  7048.]
2
1545899991.2137952:[17548.  1528.  6832.]
1
1545899991.274858:[17320.  1444.  4428.]
1
1545899991.34028:[18400.  1416.  8428.]
2
1545899991.4018502:[15528.   896.  8800.]
1
1545899991.463441:[14168.  1300. 15156.]
1
1545899991.528733:[16604.  3300. 14892.]
2
1545899991.5901399:[13640.  1336. 12348.]
2
1545899991.65457:[14196.  5856. 11848.]
2
1545899991.7132318:[16252.  5356. 12644.]
1
1545899991.774512:[15936.  4128.  9608.]
1
1545899991.8399959:[18560.  4372. 11932.]
1
1545899991.9015412:[15892.  5864.  9688.]
1
1545899991.963308:[16500.  3772.  5336.]
1
1545899992.028419:[17952.  6704.  7756.]
1
1545899992.08998:[16632.  4584.  6584.]
1
1545899992.1514308:[17688.  4984.  7072.]
1
1545899992.2129998:[17440.  5236.  8116.]
1
1545899992.27833:[16208.  3804.  8048.]
1
1545899992.339762:[17528.  3504.  8080.]
1
1545899992.401342:[17968.  3384.  6980.]
1
1545899992.463352:[16804.   -56.  6684.]
1
1545899992.528203:[17624.  1664.  9884.]
1
1545899992.590017:[18116.  1580.  7956.]
1
1545899992.651177:[17044.  1788.  9500.]
1
1545899992.712677:[16600.   240.  9392.]
1
1545899992.778023:[15912.  3848. 16076.]
1
1545899992.839472:[15712.  1144. 11236.]
1
1545899992.901102:[15444.  1356. 11388.]
2
1545899992.962653:[15268.   872. 11620.]
2
1545899993.027742:[16628.   984. 12128.]
2
1545899993.0892239:[16416.  2284. 13064.]
2
1545899993.1508338:[15184.  2312. 12988.]
2
1545899993.2165928:[13668.  2180. 11348.]
2
1545899993.277664:[16196.  4328. 11776.]
2
1545899993.339137:[13164.  4008. 11116.]
1
1545899993.403106:[18608.  5680.  7476.]
1
1545899993.4661498:[18948.  6644.  6256.]
1
1545899993.527655:[18316.  6884.  8396.]
1
1545899993.58898:[17956.  6428.  5496.]
1
1545899993.6504161:[16480.  4380.  4752.]
2
1545899993.716009:[18072.  3792.  3444.]
2
1545899993.777388:[18880.  4076.  4768.]
2
1545899993.8388:[17332.  3148.  5652.]
2
1545899993.90024:[18820.  3012.  4860.]
2
1545899993.9664068:[15556.  1664.  8312.]
2
1545899994.027195:[17208.  2876.  9032.]
1
1545899994.088691:[18576.  3224. 10636.]
1
1545899994.150482:[16384.  1156.  8648.]
1
1545899994.215952:[17452.  2036. 10328.]
1
1545899994.277094:[15060.   572.  8292.]
2
1545899994.338746:[19304.  3156. 12028.]
1
1545899994.4003909:[17536.  1384.  8816.]
2
1545899994.4657018:[16600.  1472.  8184.]
2
1545899994.5269601:[15740.  1712. 11128.]
2
1545899994.588474:[16788.  2364.  9116.]
2
1545899994.654974:[16776.  3052.  9844.]
2
1545899994.715554:[16184.  3424. 10424.]
2
1545899994.7768471:[15992.  5092. 11224.]
1
1545899994.8423018:[14012.  4508. 10616.]
1
1545899994.903745:[18556.  6912.  8184.]
1
1545899994.965376:[18612.  5520.  4528.]
1
1545899995.026583:[18220.  5652.  5132.]
1
1545899995.0880718:[14000.  4032.  8776.]
1
1545899995.1535091:[17424.  3460.  5428.]
1
1545899995.215181:[16836.  4660.  4540.]
2
1545899995.2764559:[18500.  5272.  4312.]
2
1545899995.3379111:[18348.  4056.  4328.]
2
1545899995.403671:[18640.  2968.  3508.]
2
1545899995.4649699:[17532.  1444.  3988.]
2
1545899995.526291:[14920.   240.  7392.]
2
1545899995.587747:[17440.  1752.  8672.]
1
1545899995.6493802:[17052.    44.  9400.]
1
1545899995.71475:[18056.   808.  7040.]
1
1545899995.776166:[15592.   828. 10308.]
1
1545899995.841644:[16336.  3460. 11400.]
1
1545899995.9030871:[15908.  2352. 11244.]
1
1545899995.964669:[15688.  2308.  9248.]
1
1545899996.0260391:[16732.  2848. 10924.]
2
1545899996.0914738:[15660.  1396. 10624.]
2
1545899996.15504:[16352.  2056. 11288.]
2
1545899996.214571:[16116.  2644. 12212.]
2
1545899996.275886:[16492.  2844.  9580.]
2
1545899996.3414679:[16744.  3912. 11428.]
2
1545899996.4030259:[15616.  3200. 10760.]
1
1545899996.46444:[16628.  3640.  8716.]
1
1545899996.525751:[17120.  4188.  8196.]
1
1545899996.5911949:[16848.  4624.  7176.]
1
1545899996.654282:[16812.  4104.  5328.]
1
1545899996.715012:[18880.  6892.  7112.]
1
1545899996.775611:[18144.  4968.  1896.]
2
1545899996.841064:[17724.  5192.  4060.]
2
1545899996.9026282:[15668.  4476.  2656.]
2
1545899996.9641962:[17552.  4172.   660.]
2
1545899997.02543:[17252.  4560.  1640.]
2
1545899997.090844:[17628.  4300.  3316.]
2
1545899997.152329:[17276.  3736.  2908.]
2
1545899997.2145972:[17960.  3848.  2556.]
2
1545899997.275199:[18376.  2980.   940.]
2
1545899997.340703:[19664.  3084.  1848.]
2
1545899997.4042509:[18500.   316.  2948.]
2
1545899997.463815:[18248.   752.  4536.]
1
1545899997.525058:[16316.  1180.  6112.]
2
1545899997.590553:[18872.  2152.  4544.]
1
1545899997.652033:[19156.  1588.  2412.]
0
1545899997.713575:[17504.   836.  5360.]
1
1545899997.7749472:[18708.  2292.  6732.]
2
1545899997.840941:[15684.   440.  6796.]
2
1545899997.90195:[17996.  2456.  8084.]
2
1545899997.9637618:[18068.  1980.  7640.]
2
1545899998.028863:[18112.  2012.  8240.]
2
1545899998.0902789:[17400.  2616.  7756.]
2
1545899998.15198:[16532.  1540.  5800.]
2
1545899998.2137039:[16904.  5880.  8888.]
1
1545899998.278731:[16712.  4360.  5664.]
1
1545899998.340787:[18816.  6108.  3704.]
1
1545899998.4018629:[17700.  4108.  1768.]
1
1545899998.4634418:[16756.  4100.  2016.]
1
1545899998.524491:[18884.  5868.   992.]
1
1545899998.590262:[17228.  5984.  2056.]
1
1545899998.652075:[16860.  5132.   612.]
2
1545899998.713172:[16508.  5404.  2016.]
2
1545899998.7783701:[16644.  5428.  1956.]
2
1545899998.839805:[15512.  5328.  1272.]
2
1545899998.901315:[17892.  4384.  1280.]
2
1545899998.962913:[18400.  4828.   216.]
2
1545899999.024174:[17360.  3364.   132.]
2
1545899999.0896902:[17732.  4140.   716.]
2
1545899999.1510248:[17392.  3072.   484.]
2
1545899999.212945:[17080.  2748.  -128.]
2
1545899999.277993:[18224.  3408.  1048.]
1
1545899999.3395042:[18172.  2568.  1088.]
1
1545899999.400929:[17876.  1420.  2072.]
0
1545899999.462522:[18248.  1808.  3272.]
1
1545899999.527884:[18072.  2172.  2692.]
0
1545899999.5893362:[18020.  1168.  3416.]
1
1545899999.650774:[16856.   644.  3640.]
2
1545899999.712366:[18696.  1376.  2608.]
2
1545899999.777705:[19288.  2204.  4728.]
2
1545899999.839212:[18072.  1216.  4472.]
2
1545899999.900629:[17108.   840.  4476.]
2
1545899999.962263:[18544.  1536.  4616.]
2
1545900000.027634:[18568.  1508.  4352.]
2
1545900000.0890722:[16668.  1244.  4240.]
2
1545900000.150639:[18532.  2232.  4872.]
2
1545900000.21645:[17868.  2092.  4484.]
2
1545900000.2776792:[16524.  1280.  3332.]
2
1545900000.339006:[18908.  2656.  4912.]
2
1545900000.4007318:[18848.  2804.  5988.]
1
1545900000.4663072:[17220.  2516.  5568.]
1
1545900000.527564:[16244.  3188.  6700.]
1
1545900000.5887601:[16864.  3932.  4540.]
0
1545900000.650239:[18872.  4364.  2096.]
0
1545900000.71179:[17684.  4240.   164.]
1
1545900000.777256:[17164.  4016. -1372.]
1
1545900000.838686:[17172.  5764.  1464.]
1
1545900000.900064:[18392.  5592.   -28.]
2
1545900000.966047:[18384.  4552.  2024.]
2
1545900001.027027:[17828.  3956.   532.]
2
1545900001.088487:[17668.  3400.   404.]
2
1545900001.15051:[18188.  2188.   452.]
2
1545900001.2118778:[17892.  1796.   220.]
2
1545900001.27682:[16756.   892.  4020.]
1
1545900001.3383482:[17068.  1084.  3580.]
1
1545900001.39988:[19572.  1228.  3756.]
1
1545900001.461804:[17184.    40.  4624.]
1
1545900001.52668:[16720.  -164.  5476.]
1
1545900001.588189:[16524. -1168.  9196.]
1
1545900001.653621:[16264. -1152.  9220.]
2
1545900001.715224:[18500.   452. 10672.]
2
1545900001.776587:[15340.  -824. 10148.]
2
1545900001.83795:[16672.   528.  9248.]
2
1545900001.899729:[15204.   796. 10820.]
2
1545900001.9650939:[17288.  1832.  8012.]
2
1545900002.026382:[18912.  2956.  9220.]
2
1545900002.087966:[23160.  4380.  5768.]
1
1545900002.149577:[15616.   672.  8980.]
1
1545900002.214863:[19108.  2896.  3380.]
2
1545900002.276261:[18372.  2732.  2552.]
2
1545900002.338038:[18420.  2920.  2532.]
1
1545900002.399473:[17664.  3524.  2348.]
1
1545900002.464928:[18384.  2840.  2528.]
1
1545900002.526117:[17940.  2876.  3412.]
1
1545900002.587987:[18552.  2648.  3416.]
2
1545900002.6530502:[18292.  2184.  3436.]
2
1545900002.714675:[18476.  1888.  3708.]
1
1545900002.775965:[18676.  1392.  3816.]
2
1545900002.837455:[17864.  -132.  4688.]
1
1545900002.898881:[20020.   424.  5156.]
2
1545900002.9645991:[16240. -1032.  7580.]
2
1545900003.0258582:[14944. -1944.  7868.]
1
1545900003.087384:[17000.   160.  8656.]
2
1545900003.148766:[17676.   224.  8784.]
1
1545900003.215256:[17372.  -176. 10160.]
2
1545900003.2755961:[16540.   688. 10884.]
2
1545900003.341066:[14624.  -164. 11088.]
2
1545900003.402546:[15468.   640. 10336.]
2
1545900003.464204:[17296.  1852. 10040.]
2
1545900003.525467:[17784.  2496.  8808.]
2
1545900003.586876:[16416.  1620.  8044.]
1
1545900003.652502:[16208.  3564. 10336.]
1
1545900003.714:[14164.  1432.  8316.]
1
1545900003.775347:[17584.  4600.  7748.]
1
1545900003.83679:[17620.  4488.  6656.]
1
1545900003.9024:[17436.  4200.  4856.]
1
1545900003.964176:[16204.  2572.  4360.]
1
1545900004.025185:[16684.  4400.  1712.]
1
1545900004.086634:[16576.  4092.  1736.]
2
1545900004.15249:[18052.  4692.  3016.]
2
1545900004.2201831:[17964.  4004.  1956.]
2
1545900004.27515:[18144.  3828.  3372.]
2
1545900004.3366048:[17552.  3204.  3848.]
2
1545900004.4022799:[18256.  1668.  3388.]
2
1545900004.46364:[18976.  1056.  3716.]
2
1545900004.524865:[19836.   640.  6896.]
2
1545900004.5881531:[18232.   440.  8444.]
1
1545900004.651813:[15628.   164.  8428.]
1
1545900004.713493:[16016.   440.  9940.]
1
1545900004.7788641:[15664.  -692. 10348.]
1
1545900004.840246:[17060.   360. 11592.]
2
1545900004.901673:[14992.  -488.  8668.]
2
1545900004.9633029:[16120.  -152. 12880.]
2
1545900005.028634:[15752.  -268. 12612.]
2
1545900005.090112:[15316.  -552. 13316.]
2
1545900005.151526:[17240.   964. 11264.]
2
1545900005.2133389:[15500.   920. 11520.]
2
1545900005.2743738:[14908.  1372.  9648.]
2
1545900005.339881:[18764.  4384.  8836.]
2
1545900005.401313:[16872.  2388. 11052.]
1
1545900005.46311:[15876.  1368.  2892.]
1
1545900005.524208:[16304.  2684.  3576.]
2
1545900005.589715:[17876.  4300.  5160.]
1
1545900005.6511638:[17724.  4052.  4620.]
1
1545900005.7128031:[17924.  4664.  2472.]
2
1545900005.77406:[18260.  4288.  3572.]
2
1545900005.8395689:[17364.  3368.  4572.]
2
1545900005.901046:[17944.  3600.  4904.]
2
1545900005.963586:[19000.  3092.  4424.]
2
1545900006.024107:[18280.  2496.  5300.]
2
1545900006.089552:[17624.  2136.  4592.]
2
1545900006.151105:[16996.   496.  6984.]
2
1545900006.2198908:[12844.  -592. 11648.]
2
1545900006.273807:[19748.   336.  8300.]
2
1545900006.3393438:[14848.  -232.  8376.]
2
1545900006.401324:[17084.   168. 11848.]
1
1545900006.462955:[15172.  -368. 12196.]
2
1545900006.527837:[16364. -1068. 15788.]
2
1545900006.589151:[15316. -1168. 12648.]
2
1545900006.654716:[13572. -1492. 12636.]
2
1545900006.716133:[14448.  -456. 12800.]
2
1545900006.77757:[14604. -1128. 14536.]
2
1545900006.839063:[14560. -1876. 15564.]
2
1545900006.9045382:[15352. -1036. 13168.]
2
1545900006.9661398:[13580.  -764. 12996.]
2
1545900007.023477:[14624.     0. 12892.]
2
1545900007.0888572:[16720.   628. 11296.]
2
1545900007.150382:[15388.  2212.  7800.]
1
1545900007.2162461:[17820.  3424. 12936.]
1
1545900007.2772758:[18736.  2464.  7668.]
1
1545900007.338688:[15444.  1292.  9336.]
1
1545900007.400088:[17876.  2908.  5300.]
2
1545900007.461688:[17744.  2636.  6232.]
1
1545900007.5270689:[17768.  2256.  5604.]
1
1545900007.588497:[18424.  2256.  6216.]
2
1545900007.6499681:[19552.  1248.  6408.]
2
1545900007.711384:[17104.   324.  7268.]
2
1545900007.7728908:[18164.   880.  8464.]
2
1545900007.839442:[17012.  -468.  8164.]
2
1545900007.9000351:[18052.  -252.  7880.]
1
1545900007.966437:[16924. -1388. 10084.]
2
1545900008.0268228:[16856. -2284.  8980.]
1
1545900008.0882828:[22452. -1532.  9876.]
2
1545900008.1540532:[19720. -6056. 10096.]
1
1545900008.2154188:[15740. -2444.  9820.]
1
1545900008.27668:[18096. -2404.  8648.]
2
1545900008.34218:[16716. -2484. 10096.]
2
1545900008.4036329:[16064. -2072.  9844.]
2
1545900008.465458:[16232. -3936. 11208.]
2
1545900008.52654:[15792. -4412. 11456.]
2
1545900008.592053:[16700. -4828. 11456.]
2
1545900008.654:[16068. -3988. 11232.]
2
1545900008.715154:[14860. -3736. 11056.]
2
1545900008.776385:[15252. -4008. 11324.]
2
1545900008.8418581:[15416. -4568. 11068.]
2
1545900008.9058728:[15960. -5212. 11108.]
2
