1545900110.88166:[16888.  4784. -2040.]
1
1545900110.943134:[17380.  6192. -2748.]
1
1545900111.004763:[15104.  4860. -4916.]
1
1545900111.070055:[14176.  5544. -3860.]
1
1545900111.131527:[15288.  4720. -4552.]
1
1545900111.192964:[14980.  5100. -6336.]
1
1545900111.2547169:[14724.  4656. -6700.]
1
1545900111.319942:[16476.  3688. -7552.]
1
1545900111.38149:[12960.  2956. -4364.]
2
1545900111.442976:[16848.  3348. -2396.]
2
1545900111.5044422:[15412.  2832. -4560.]
2
1545900111.5697541:[15872.  2028. -3140.]
1
1545900111.63126:[16016.  2980. -4184.]
1
1545900111.6927402:[19344.  3584. -2788.]
1
1545900111.754196:[17008.  2644. -1932.]
1
1545900111.819507:[14564.  2336. -1656.]
1
1545900111.880998:[16816.  1932. -3140.]
2
1545900111.942518:[15680.  1320.  -160.]
1
1545900112.0048609:[18128.  3548. -1392.]
2
1545900112.0693882:[16188.  3428. -1904.]
2
1545900112.130913:[17648.  4376. -1572.]
2
1545900112.192492:[17132.  4312. -2164.]
2
1545900112.258263:[17520.  4624. -2416.]
2
1545900112.319293:[17064.  5308. -2504.]
1
1545900112.380712:[15540.  4984. -1924.]
1
1545900112.442249:[14588.  5156. -1816.]
1
1545900112.507651:[15632.  6164. -3468.]
1
1545900112.569102:[15396.  6588. -4876.]
1
1545900112.630595:[15828.  6672. -3432.]
1
1545900112.692149:[15260.  5032. -4564.]
1
1545900112.757501:[15004.  5396. -5240.]
1
1545900112.818984:[16236.  4856. -6048.]
2
1545900112.8804538:[15680.  5032. -6624.]
2
1545900112.941865:[15188.  4624. -5864.]
2
1545900113.007415:[14492.  4476. -5208.]
2
1545900113.068809:[15732.  2980. -3096.]
2
1545900113.1302989:[15884.  2528. -3068.]
1
1545900113.1917949:[17824.  2632. -2596.]
1
1545900113.2573261:[14472.  1352. -1832.]
1
1545900113.3186948:[17748.  2624. -2676.]
1
1545900113.380199:[15628.  1612. -2800.]
1
1545900113.4416971:[17000.  1516. -2344.]
1
1545900113.5070999:[19084.  3376. -2608.]
2
1545900113.5685902:[16520.  2552. -3292.]
1
1545900113.63:[17784.  3020. -2912.]
2
1545900113.695559:[17044.  2644. -3680.]
2
1545900113.7569668:[17548.  3356. -2232.]
2
1545900113.8183491:[15884.  4108. -3796.]
2
1545900113.8800662:[16256.  4804. -4792.]
1
1545900113.9452958:[15608.  4308. -1472.]
1
1545900114.007062:[14940.  4820. -6528.]
1
1545900114.068179:[14636.  4708. -5524.]
2
1545900114.129745:[15648.  4704. -5748.]
1
1545900114.195214:[14748.  4544. -4860.]
2
1545900114.2568011:[14944.  4456. -6832.]
2
1545900114.31809:[15776.  3584. -6868.]
2
1545900114.379581:[15524.  4888. -5232.]
2
1545900114.4450078:[14792.  3636. -5272.]
2
1545900114.506497:[17020.  3348. -6140.]
2
1545900114.567891:[19104.  2756. -3468.]
1
1545900114.629388:[19500.  1212. -2648.]
1
1545900114.690869:[18768.   976.  -648.]
1
1545900114.756329:[20264.  2360.  -372.]
1
1545900114.8177578:[16848.  1132.  2552.]
2
1545900114.8792489:[18412.  1704.  -168.]
1
1545900114.940741:[16828.  1056.  -916.]
2
1545900115.0062022:[18876.  1848. -1376.]
2
1545900115.067598:[16448.  1340. -1084.]
2
1545900115.129091:[17624.  2116. -1504.]
2
1545900115.194574:[15748.  1780. -1900.]
2
1545900115.256178:[15840.  1864. -1104.]
2
1545900115.317513:[19120.  4644. -1988.]
2
1545900115.378956:[15856.  3060.   816.]
1
1545900115.4444768:[16860.  4052. -1384.]
1
1545900115.5062861:[18932.  4816. -5268.]
1
1545900115.5673301:[15724.  2868.  -948.]
1
1545900115.628878:[13540.  3040.  2048.]
1
1545900115.6942852:[17092.  3616. -1720.]
0
1545900115.7557702:[17188.  2888. -4824.]
1
1545900115.8172228:[17212.  3924. -3708.]
2
1545900115.8826072:[17268.  3320. -3124.]
2
1545900115.9441988:[15840.  3984. -4932.]
1
1545900116.005703:[16712.  1704. -3436.]
2
1545900116.066974:[16164.   324. -1100.]
2
1545900116.1325078:[17184.  3956. -3116.]
1
1545900116.193934:[18156.  1008.  1128.]
0
1545900116.255775:[19552.  1076. -2220.]
1
1545900116.316873:[18060.  1216. -1288.]
1
1545900116.378295:[18072.  1404.  -300.]
1
1545900116.4398022:[16420.  2108.   380.]
0
1545900116.505257:[19412.  3080.  1268.]
0
1545900116.566666:[14504.  2220.  -260.]
1
1545900116.6282399:[16156.  1688.   736.]
1
1545900116.689588:[17412.   996.   908.]
2
1545900116.7552252:[22360.  3732.   200.]
2
1545900116.8165078:[18488.  3764.    56.]
2
1545900116.877989:[16876.  2444.   856.]
1
1545900116.943531:[17460.  3300.  -852.]
1
1545900117.005132:[15792.  2244.   148.]
0
1545900117.066371:[16880.  2344. -3236.]
2
1545900117.1319292:[17876.  2776. -2292.]
1
1545900117.193374:[17148.  1272. -1232.]
1
1545900117.2550242:[18028.  1652.   408.]
0
1545900117.316291:[18056.  1752.  -588.]
0
1545900117.377784:[18264.   -52. -1532.]
1
1545900117.4431949:[18272.  -636. -1740.]
1
1545900117.5046668:[15816.  -580.  1628.]
1
1545900117.566127:[19172.   696.  1252.]
1
1545900117.6275752:[14596.   360. -1388.]
0
1545900117.693107:[17368.  1820.  -560.]
1
1545900117.7544901:[19000.  2216.   228.]
0
1545900117.815957:[17228.  1636.  -204.]
1
1545900117.8774872:[19740.  2560.  -268.]
2
1545900117.9430609:[16952.  2088. -1256.]
0
1545900118.0048041:[16324.  2588. -1960.]
2
1545900118.0657501:[18996.  4320. -1628.]
0
1545900118.1312609:[15900.  3228. -2080.]
1
1545900118.19298:[16256.  3868. -1392.]
1
1545900118.254459:[15628.  3500. -3620.]
1
1545900118.31565:[16908.  4588. -1484.]
2
1545900118.377075:[17972.  3116.  -924.]
2
1545900118.442591:[16648.  1352.  -376.]
2
1545900118.504082:[18056.  3120. -1928.]
1
1545900118.5695128:[17352.  2628. -1828.]
2
1545900118.631134:[17584.  2916.  -892.]
2
1545900118.692449:[17748.  2676. -1488.]
1
1545900118.754069:[17828.  2592. -1668.]
2
1545900118.815325:[18564.  1368.   108.]
1
1545900118.876791:[19256.   404.  1912.]
0
1545900118.9422731:[17452.   220.  4972.]
2
1545900119.0037582:[17940.   736.  2676.]
1
1545900119.065147:[16108.   216.  5212.]
2
1545900119.130662:[19008.  1660.  4700.]
2
1545900119.19211:[17744.  1548.  3352.]
2
1545900119.253803:[17152.  1852.  4968.]
2
1545900119.315056:[20236.  3276.  5984.]
2
1545900119.380526:[17656.  4120.  4176.]
2
1545900119.4421592:[17052.  3088.  4784.]
2
1545900119.50369:[17380.  2788.  3116.]
2
1545900119.564899:[17416.  2252.  4536.]
1
1545900119.630408:[17520.  4148.  2376.]
1
1545900119.6918259:[18188.  3212.   384.]
1
1545900119.75397:[18360.  2988.  1596.]
1
1545900119.814764:[17960.  3588.   820.]
1
1545900119.880246:[16924.  2656.  1868.]
1
1545900119.941802:[17864.  3356.  1032.]
1
1545900120.003923:[18520.  3124.  1272.]
1
1545900120.064567:[18204.  2624.  1788.]
1
1545900120.130153:[17576.  1760.  -212.]
2
1545900120.1916192:[17552.  1612.   464.]
2
1545900120.2533782:[18196.  1340.  4188.]
1
1545900120.31445:[18488.  1192.  4396.]
1
1545900120.379924:[18316.  1528.  5724.]
1
1545900120.441319:[16872.  1212.  4676.]
1
1545900120.502787:[16492.  1660.  3184.]
0
1545900120.564276:[18684.  2884.  3140.]
0
1545900120.629707:[17812.  2352.  3300.]
2
1545900120.6912:[19440.  4284.  2764.]
1
1545900120.752845:[18196.  2300.  4012.]
1
1545900120.8181708:[18676.  2932.  3244.]
2
1545900120.8796742:[17616.  3112.  1952.]
0
1545900120.9410508:[16740.  4132.    36.]
2
1545900121.0025768:[15836.  4092.   364.]
1
1545900121.064019:[17536.  4836.   144.]
1
1545900121.129476:[17068.  4548.  -988.]
1
1545900121.1910248:[17200.  5064. -2140.]
2
1545900121.2564301:[16788.  4028. -1096.]
2
1545900121.317874:[17196.  3784. -2052.]
2
1545900121.379343:[16916.  3864. -2028.]
2
1545900121.440785:[15180.  4016.  -992.]
2
1545900121.506274:[16532.  4188. -1908.]
2
1545900121.5677361:[15860.  1288. -3688.]
2
1545900121.629337:[19904.  2044.   492.]
2
1545900121.69063:[17692.  1588.  -136.]
2
1545900121.752467:[18368.  1712.  1748.]
1
1545900121.817564:[18500.  2012.  1404.]
1
1545900121.879062:[17700.  1592.  1864.]
2
1545900121.9404821:[18052.  1952.   596.]
1
1545900122.002283:[17012.  1388.   560.]
1
1545900122.067344:[19308.  3620.  -560.]
2
1545900122.128812:[18156.  2188.  -276.]
2
1545900122.1904:[17904.  2956.  -580.]
2
1545900122.253771:[17896.  4248.  -412.]
2
1545900122.31316:[16792.  3468.   300.]
2
1545900122.378695:[15832.  3676.  -556.]
2
1545900122.440181:[16424.  4508. -2588.]
1
1545900122.505753:[16792.  4632. -3476.]
1
1545900122.5670888:[16760.  5148. -4180.]
1
1545900122.628598:[16628.  5288. -3200.]
1
1545900122.690014:[15660.  4796. -3764.]
2
1545900122.7556858:[15332.  3708. -5732.]
2
1545900122.816983:[15692.  2828. -4900.]
2
1545900122.878365:[18416.  2332. -2192.]
2
1545900122.939927:[16684.  2464.  -640.]
2
1545900123.005646:[20540.  2984. -3036.]
1
1545900123.06278:[15324.   428.  1756.]
2
1545900123.1282408:[20068.  2892.  1500.]
1
1545900123.189673:[16596.  4248.  3236.]
1
1545900123.2514591:[17716.  2632.  1084.]
1
1545900123.316651:[17668.  1888.  1000.]
2
1545900123.378043:[18328.  1900.   676.]
2
1545900123.439517:[17408.  2028.   868.]
2
1545900123.5050728:[16868.  2620.  -336.]
2
1545900123.562463:[18768.  3112.   784.]
2
1545900123.6279302:[18620.  4408.   472.]
2
1545900123.689446:[16564.  4708.  -764.]
1
1545900123.755212:[15648.  3828.  -748.]
1
1545900123.8163142:[15244.  5660. -1644.]
1
1545900123.877832:[16588.  5900. -3704.]
1
1545900123.9435031:[16188.  4876. -3616.]
1
1545900124.0048199:[15148.  4396. -4080.]
1
1545900124.066148:[15252.  4096. -5768.]
2
1545900124.127616:[15476.  4680. -5696.]
2
1545900124.193505:[15160.  4380. -6236.]
2
1545900124.254832:[14980.  4372. -5432.]
2
1545900124.3160079:[16832.  3496. -4204.]
2
1545900124.377454:[19516.  3524. -2380.]
2
1545900124.438894:[17252.  1376.  -564.]
2
1545900124.504492:[17932.  1136. -1712.]
1
1545900124.5658848:[15908.  1976. -1020.]
1
1545900124.627368:[18564.  2872.  -740.]
1
1545900124.6887412:[18260.  1076.    80.]
1
1545900124.7543511:[20304.  3200. -1188.]
1
1545900124.815697:[16984.  2356.  -996.]
1
1545900124.8771992:[16804.  3168.   940.]
2
1545900124.9385989:[17272.  2348.  -616.]
2
1545900125.006166:[18572.  3644. -1264.]
2
1545900125.065612:[14664.  1748. -2220.]
2
1545900125.1270201:[17668.  4048. -5256.]
2
1545900125.192514:[17328.  4864. -4580.]
1
1545900125.2540429:[17076.  4844. -4004.]
1
1545900125.315397:[15156.  4424. -3248.]
1
1545900125.3769689:[14748.  5492. -6176.]
1
1545900125.4424121:[14280.  2868. -5164.]
2
1545900125.5038831:[15400.  3860. -6244.]
2
1545900125.565291:[15364.  4432. -4940.]
2
1545900125.6308649:[14536.  3252. -4220.]
2
1545900125.692256:[15136.  1316. -5220.]
2
1545900125.753881:[17500.   988. -4884.]
2
1545900125.815155:[20544.  1544.  -700.]
1
1545900125.8766441:[16380.   612. -1852.]
1
1545900125.943125:[17132.  2168. -3508.]
1
1545900126.0038269:[16628.  1364. -2852.]
0
1545900126.065068:[18928.  2472. -2600.]
0
1545900126.130531:[16368.  1552. -1736.]
1
1545900126.193671:[18088.  2932. -1804.]
1
1545900126.2535849:[16724.  2376. -1120.]
2
1545900126.314792:[17500.  2676. -1384.]
2
1545900126.380352:[17424.  3916. -2956.]
2
1545900126.4417439:[16812.  4364. -3116.]
2
1545900126.503357:[16664.  4732. -2092.]
1
1545900126.5647051:[16112.  3900. -3304.]
1
1545900126.63017:[15136.  4512. -3624.]
1
1545900126.691743:[15240.  4140. -2656.]
0
1545900126.753036:[15352.  4600. -6032.]
1
1545900126.814504:[15108.  3748. -7896.]
1
1545900126.879988:[14840.  3372. -5820.]
1
1545900126.941495:[12668.  7544. -6408.]
2
1545900127.0029252:[15492.  2216. -7576.]
2
