1545900057.050001:[18208.  4764.  3396.]
1
1545900057.111426:[16620.  5308.  4888.]
1
1545900057.176886:[17640.  4680.  3136.]
1
1545900057.238473:[17908.  4104.  4020.]
1
1545900057.299838:[17772.  4196.  4756.]
1
1545900057.36159:[16384.  3112.  3844.]
1
1545900057.426789:[18012.  3116.  4816.]
1
1545900057.488218:[18456.  3696.  5336.]
1
1545900057.549681:[18884.  2960.  5160.]
1
1545900057.611132:[18500.  3280.  3632.]
1
1545900057.6766222:[16252.  1808.  5132.]
1
1545900057.73807:[18188.  2076.  4108.]
1
1545900057.7995021:[17836.  1760.  5700.]
1
1545900057.861027:[18088.  2180.  3672.]
1
1545900057.9225779:[16448.    96.  2228.]
1
1545900057.987943:[19976.  2800.  -536.]
1
1545900058.049582:[17704.  2124.  -296.]
1
1545900058.111074:[15992.  2176.  -120.]
1
1545900058.176467:[20088.  7372. -1600.]
1
1545900058.238264:[16208.  5144.  -136.]
2
1545900058.300155:[16624.  5200.  -964.]
2
1545900058.364897:[17012.  3388. -1600.]
2
1545900058.422192:[15936.  6504.   184.]
2
1545900058.487835:[15088.  6896.  -824.]
2
1545900058.549141:[16864.  5952.  1668.]
2
1545900058.610695:[17084.  6624.  1028.]
2
1545900058.6718771:[15716.  5888.   -32.]
2
1545900058.737484:[16124.  5444. -1808.]
2
1545900058.798919:[16884.  5788.  1136.]
2
1545900058.8643682:[16544.  5612.  -144.]
2
1545900058.9257998:[16396.  4480.  1280.]
2
1545900058.9873412:[17568.  4472.  1944.]
2
1545900059.048714:[18032.  4456.   412.]
2
1545900059.114314:[17004.  4424. -1220.]
1
1545900059.175769:[16200.  3536.  -188.]
2
1545900059.2371578:[17940.  4420.  -688.]
1
1545900059.302627:[16856.  3212. -1860.]
0
1545900059.364788:[17392.  4760.  -672.]
0
1545900059.425637:[18200.  2556.  -652.]
0
1545900059.487116:[16480.  1320.  -124.]
1
1545900059.5484319:[19456.  3700.   116.]
1
1545900059.614079:[17000.  1616. -3672.]
0
1545900059.6754198:[16368.  2588. -1700.]
2
1545900059.7368672:[17836.  1928. -1276.]
0
1545900059.802349:[18280.  2180. -2000.]
2
1545900059.864665:[14612.  1928. -2784.]
2
1545900059.925318:[16572.  3620. -3824.]
0
1545900059.9867232:[17784.  5972. -3320.]
2
1545900060.052292:[16172.  4160. -2236.]
2
1545900060.114043:[16128.  5828. -1024.]
2
1545900060.175118:[15980.  6628. -4516.]
2
1545900060.236555:[16544.  6652. -2724.]
2
1545900060.297997:[13788.  5332.  -572.]
2
1545900060.363752:[14816.  7272.  -996.]
2
1545900060.4249752:[16088.  6136. -3168.]
2
1545900060.4864268:[17232.  6252.   412.]
2
1545900060.547887:[16300.  6292.  -184.]
2
1545900060.609376:[16772.  6160.   212.]
2
1545900060.674736:[17896.  5452.  1384.]
2
1545900060.73618:[16112.  4996.  3520.]
2
1545900060.7976398:[17224.  4200.  1524.]
2
1545900060.8634691:[18772.  4844.  1176.]
2
1545900060.924643:[16752.  4068.  1704.]
2
1545900060.9861372:[17964.  4016.  -228.]
2
1545900061.047494:[18088.  3356.  -248.]
2
1545900061.113195:[17196.  3220.  -724.]
2
1545900061.1744561:[18348.  3764. -1148.]
2
1545900061.235928:[18292.  3048.  2800.]
2
1545900061.3014898:[17616.  3192. -2636.]
2
1545900061.36303:[18288.  3856. -1668.]
2
1545900061.424337:[17136.  2668.  -404.]
2
1545900061.489825:[17500.  2408. -2284.]
2
1545900061.5513442:[16948.  2820. -2064.]
2
1545900061.612731:[15684.  2692. -2400.]
2
1545900061.6742651:[16428.  5676. -4392.]
2
1545900061.739695:[14560.  4220. -5580.]
2
1545900061.8011851:[15296.  5996. -3312.]
2
1545900061.862622:[15524.  7820. -3984.]
2
1545900061.92407:[15128.  6540. -1116.]
2
1545900061.989547:[15156.  9500. -2456.]
2
1545900062.051001:[15932.  4488.  1980.]
2
1545900062.1128068:[17080.  8328.   384.]
2
1545900062.173928:[16520.  7380.  4288.]
2
1545900062.2354271:[17520.  6556.  1764.]
2
1545900062.300844:[16140.  6012.  4024.]
2
1545900062.363074:[16444.  5772.  4096.]
2
1545900062.423826:[17300.  4980.  3992.]
2
1545900062.4852538:[17996.  4264.  1568.]
2
1545900062.550708:[17640.  4496.  2720.]
2
1545900062.612156:[17372.  3832.  3824.]
2
1545900062.67358:[18428.  4160.  1032.]
2
1545900062.7349582:[16980.  2976.  -600.]
2
1545900062.800488:[17860.  4176.  1188.]
2
1545900062.861896:[17732.  3444.   976.]
2
1545900062.923386:[18464.  6556. -6888.]
1
1545900062.984873:[17348.  2816.  -652.]
2
1545900063.0503418:[16624.  4428.  -740.]
2
1545900063.111862:[15372.  3024. -2592.]
2
1545900063.1773388:[15836.  4804. -4756.]
2
1545900063.238754:[14188.  2304.  -896.]
2
1545900063.300253:[16152.  6160. -3732.]
2
1545900063.3618371:[15544.  5776. -2144.]
2
1545900063.423149:[15644.  7172.  -644.]
2
1545900063.488631:[15912.  7796. -2076.]
2
1545900063.550061:[17464.  7876.  1464.]
2
1545900063.6116102:[16828.  7240.  1812.]
2
1545900063.672968:[18372.  7340.  1240.]
2
1545900063.738466:[17472.  5736.  3324.]
2
1545900063.799891:[16496.  4604.  3412.]
2
1545900063.861341:[16720.  4784.  2576.]
2
1545900063.922931:[16432.  3896.  4356.]
2
1545900063.988323:[16960.  2168.  4572.]
2
1545900064.050247:[18924.  2988.  2576.]
2
1545900064.111367:[18696.  2440.  1716.]
2
1545900064.172756:[18500.   720.  1848.]
2
1545900064.234159:[18244.   596.  1920.]
2
1545900064.299801:[17176.   116.  -528.]
2
1545900064.362066:[19188.   880.  -952.]
2
1545900064.422574:[16984.   364.  -896.]
2
1545900064.4840121:[15836.   440.  -600.]
2
1545900064.549524:[16420.  1252. -1776.]
2
1545900064.611084:[16456.  1884. -3372.]
2
1545900064.6764328:[16184.  2680. -1504.]
2
1545900064.737996:[18332.  8612. -4600.]
2
1545900064.799306:[17300.  7772. -3824.]
2
1545900064.860725:[14972.  4508. -1480.]
2
1545900064.922164:[17276.  5676.  2812.]
2
1545900064.987679:[18644.  6248.  1876.]
2
1545900065.049123:[17596.  6280.  1304.]
2
1545900065.110635:[ 4376. -1004.  5840.]
2
1545900065.172043:[16896.  3956.  2676.]
2
1545900065.237498:[17628.  4740.  1056.]
2
1545900065.298972:[16516.  2876.  1092.]
2
1545900065.360909:[17392.  4924.  2400.]
2
1545900065.421914:[17192.  3328.  2328.]
2
1545900065.4873989:[17768.  3212.  2728.]
2
1545900065.54884:[17856.  2024.  3536.]
2
1545900065.610343:[17764.   884.  1300.]
2
1545900065.6717598:[16432.  -876.   196.]
1
1545900065.73725:[17336.  -296.  -480.]
2
1545900065.798686:[17948.   972. -1996.]
2
1545900065.860151:[18996.  2964. -5548.]
2
1545900065.925649:[17300.  1360. -1548.]
2
1545900065.9873862:[18088.  2772. -4184.]
2
1545900066.050291:[15916.  2212. -3508.]
2
1545900066.114905:[15120.  3120. -2032.]
2
1545900066.175628:[15928.  6008. -3668.]
2
1545900066.237037:[12808.  4212. -2960.]
2
1545900066.2985659:[14796.  5124. -1552.]
1
1545900066.360188:[18640.  5764.   -56.]
2
1545900066.4213288:[18260.  5720.   396.]
2
1545900066.4873269:[17148.  5236.   972.]
2
1545900066.548255:[17440.  3852.  1868.]
2
1545900066.6097238:[16880.  4160.  3248.]
2
1545900066.675197:[17700.  3500.  3312.]
2
1545900066.736741:[18960.  3880.  1492.]
2
1545900066.798034:[17108.   740.  3060.]
2
1545900066.860251:[19060.  2080.  1024.]
2
1545900066.9251132:[17168.  2304.  3136.]
2
1545900066.98652:[16244.  1820.  1500.]
2
1545900067.047989:[19184.  2236. -4972.]
2
1545900067.113406:[18772.  1472. -2284.]
1
1545900067.174888:[16508.   456. -1292.]
2
1545900067.236325:[17596.  2476. -4220.]
2
1545900067.297775:[15436.  1992. -4416.]
2
1545900067.36358:[15788.  3564. -3024.]
2
1545900067.42475:[13016.  2684. -1164.]
2
1545900067.486196:[16836.  5420. -3544.]
2
1545900067.547651:[16496.  5888. -1384.]
2
1545900067.613132:[16856.  6620. -2908.]
2
1545900067.67046:[16272.  6284.    44.]
2
1545900067.736046:[15964.  5864.   596.]
2
1545900067.7974532:[15408.  4744.   636.]
2
1545900067.85894:[19032.  5312.  1356.]
2
1545900067.924393:[18620.  5232.  2068.]
2
1545900067.9859352:[16708.  4000.  2824.]
2
1545900068.047332:[17860.  3856.   876.]
2
1545900068.124686:[17524.  3660.  1200.]
2
1545900068.1743329:[18012.  3468.  2584.]
2
1545900068.235757:[17024.  2868.  1984.]
2
1545900068.301321:[18076.  2076. -1400.]
1
1545900068.36187:[17436.   356.   396.]
2
1545900068.424118:[18108.  2184.   -44.]
2
1545900068.485714:[17808.  2756. -4092.]
2
1545900068.551168:[17200.  2504. -3416.]
2
1545900068.612581:[17100.  2836. -3292.]
2
1545900068.6740549:[18024.  4140. -3536.]
2
1545900068.7354639:[16364.  1748. -2872.]
2
1545900068.801012:[16404.  4512. -5792.]
2
1545900068.862339:[13240.  2756. -1764.]
2
1545900068.9238532:[14936.  6484. -3324.]
2
1545900068.9853098:[16400.  6712. -3564.]
2
1545900069.0507069:[14944.  5100. -2940.]
2
1545900069.1121979:[18264.  6516. -1620.]
2
1545900069.173612:[19696.  5884.  -756.]
2
1545900069.2351081:[17400.  5744.  -500.]
2
1545900069.2965581:[16112.  5152.  1360.]
2
1545900069.362196:[13380.  6076.  5688.]
2
1545900069.423456:[18088.  5160.   528.]
2
1545900069.484988:[16548.  3616. -3896.]
2
1545900069.546412:[17212.  3444.  -872.]
2
1545900069.611989:[17068.  2456.  -400.]
2
1545900069.6734111:[17580.  2300. -1644.]
2
1545900069.734827:[16208.  1952. -4408.]
1
1545900069.800375:[16244.  1420. -2500.]
0
1545900069.861793:[17848.  2644. -1736.]
1
1545900069.92321:[18100.  2532. -4800.]
1
1545900069.9846761:[16372.   404. -4004.]
2
1545900070.050136:[15212.  1868. -5696.]
1
1545900070.112181:[15120.  2572. -6420.]
2
1545900070.1731148:[14972.  2764. -4964.]
2
1545900070.2386382:[16228.  4932. -4780.]
2
1545900070.301734:[15316.  2868. -5000.]
2
1545900070.362127:[15048.  4572. -5796.]
2
1545900070.4229949:[14748.  3488. -6340.]
2
1545900070.4884071:[16064.  3572. -5168.]
2
1545900070.5499:[15404.  4932. -6372.]
2
1545900070.611385:[15644.  3928. -3392.]
2
1545900070.672788:[15080.  2312. -2880.]
2
1545900070.7382789:[16240.  1532. -1704.]
2
1545900070.799809:[17460.  2220. -2772.]
2
1545900070.861228:[19332.   448. -2100.]
1
1545900070.922634:[16180.  2136. -1884.]
2
1545900070.988068:[18596.  1108. -1308.]
2
1545900071.049546:[17420.   752. -1696.]
2
1545900071.110967:[18988.   736. -3560.]
2
1545900071.172429:[24976.  2720. -2176.]
2
1545900071.2379599:[27744. -4596. -5488.]
1
1545900071.299424:[15736. -3256.  2516.]
1
1545900071.361867:[19976. -6064. -6148.]
2
1545900071.426364:[ 12916.  -2744. -19948.]
2
1545900071.483686:[20052.  7180.   212.]
2
1545900071.54928:[ 32767.  -2256. -14920.]
1
1545900071.610694:[17664.  -984. -2232.]
1
1545900071.676255:[17396. -1012. -2360.]
2
1545900071.737661:[17440. -1028. -2128.]
0
1545900071.799082:[17552.  -976. -2320.]
2
1545900071.860617:[17520.  -896. -2324.]
1
1545900071.926142:[17584.  -944. -2248.]
1
1545900071.987527:[17388.  -896. -2356.]
1
1545900072.049057:[17528. -1000. -2284.]
2
1545900072.110969:[17448.  -976. -2204.]
2
1545900072.175926:[17432. -1028. -2260.]
2
1545900072.2373939:[17396.  -900. -2200.]
1
1545900072.298913:[17392. -1056. -2284.]
1
