1545897437.9431329:[19776. -2468. -1100.]
1545897438.004521:[19456.  -424.  -444.]
1545897438.070094:[17788. -1904.  -676.]
1545897438.1316512:[19020. -1904. -2768.]
1545897438.192961:[19008. -2308. -4248.]
1545897438.258463:[17644. -2548. -4920.]
1545897438.320181:[16556.  -372. -5696.]
1545897438.382001:[19196. -1900. -6440.]
1545897438.442825:[14900. -8372.   860.]
1545897438.504233:[15112.   980. -2876.]
1545897438.570821:[17880.  -664. -2604.]
1545897438.631199:[16200. -1100. -1932.]
1545897438.69276:[21512.  2960. -3680.]
1545897438.754132:[18392. -2212.   116.]
1545897438.81961:[17836. -1636.  -636.]
1545897438.877713:[18388.  -508.   304.]
1545897438.942544:[18468. -2012.  -448.]
1545897439.00401:[18088. -2072.   320.]
1545897439.0654132:[18860.  -192.  1840.]
1545897439.1310751:[17864. -2588.  -648.]
1545897439.192418:[17844. -2084. -1768.]
1545897439.253786:[17356. -2688.  -664.]
1545897439.31937:[16372. -4128. -5648.]
1545897439.3810072:[19304. -3536. -3392.]
1545897439.442205:[16752.   780. -4652.]
1545897439.50762:[15956. -1628. -5324.]
1545897439.569074:[14536.  4140. -4008.]
1545897439.626657:[16876.   332.  -492.]
1545897439.6921039:[17928.  -576. -2548.]
1545897439.7535129:[17232.  -380.  -948.]
1545897439.814919:[18912.  -184.  -980.]
1545897439.880394:[19312. -1356.   476.]
1545897439.941866:[17952.  5904. -1164.]
1545897440.0073678:[19868. -2476. -1252.]
1545897440.064754:[16944. -2804.   696.]
1545897440.130473:[18316. -2336. -1436.]
1545897440.191749:[17072. -3236. -1440.]
1545897440.257231:[15504. -3348. -6028.]
1545897440.318733:[17096. -3576. -1676.]
1545897440.3801239:[19496. -3648. -3428.]
1545897440.44164:[19096.  1008. -2084.]
1545897440.507052:[17356. -2972. -2788.]
1545897440.568528:[12968.  1800. -3180.]
1545897440.6301062:[14600. -2544. -1520.]
1545897440.691417:[18684.   464. -2028.]
1545897440.7528489:[16904.    72.  -948.]
1545897440.8184168:[17528. -2660.  1532.]
1545897440.879818:[18636.  2844. -2272.]
1545897440.93723:[16140.   480.   496.]
1545897441.0027149:[19000. -2620.  -548.]
1545897441.068277:[19612. -2052. -1400.]
1545897441.1298828:[19368. -3296. -1840.]
1545897441.191173:[17132. -3180. -1480.]
1545897441.256633:[17416. -3876. -6272.]
1545897441.3181372:[20260. -2984. -3348.]
1545897441.379742:[17548. -1220. -4580.]
1545897441.440974:[16864.  -376. -5496.]
1545897441.5024781:[18436.   832. -3604.]
1545897441.56786:[17764.   588. -4160.]
1545897441.6293929:[18484.   432.  -972.]
1545897441.6907752:[17900.  2268.  -984.]
1545897441.752295:[16812.  -720.    28.]
1545897441.81777:[ 18108. -11128.   4760.]
1545897441.8791811:[19388.  -340. -1032.]
1545897441.9406269:[19924.  -916.  -764.]
1545897442.006162:[17736. -1184.  1048.]
1545897442.067594:[18208.  -816.  2688.]
1545897442.129398:[16168. -3900. -3980.]
1545897442.194561:[15676. -3640. -2372.]
1545897442.255952:[14044. -1496. -2260.]
1545897442.317468:[17440. -1428. -2708.]
1545897442.379068:[19024.  -228. -3896.]
1545897442.44436:[13648. -2524. -2316.]
1545897442.505815:[19592.  2492. -3140.]
1545897442.5681548:[17020.  1628. -4060.]
1545897442.62884:[18092. -1464.   552.]
1545897442.6861708:[19192.    84.   352.]
1545897442.751627:[18656.  1212.  1380.]
1545897442.8131049:[17284.  1980.   940.]
1545897442.878703:[18708. -1140.   152.]
1545897442.940077:[18036. -1936.  1228.]
1545897443.005534:[17728. -1736.  -468.]
1545897443.067029:[18648. -2324. -3036.]
1545897443.1289878:[17412. -3176. -1620.]
1545897443.193963:[17044. -3288. -7512.]
1545897443.2513402:[16064.   892. -4612.]
1545897443.316937:[17608. -2676. -6060.]
1545897443.378431:[17848.  3796. -4960.]
1545897443.439769:[15096.  1368. -3524.]
1545897443.5012732:[15736.   316. -1032.]
1545897443.562748:[17228.   376.   352.]
1545897443.628334:[18608.  -604.  -524.]
1545897443.689558:[18404.  -980.   480.]
1545897443.75506:[16924.  3104. -1140.]
1545897443.816551:[17104.  4512. -1544.]
1545897443.878155:[16800.  1096. -1548.]
1545897443.9393642:[18488. -2708.   264.]
1545897444.004897:[17820. -3872.  1128.]
1545897444.0663638:[17560. -2960. -3792.]
1545897444.1289542:[15332. -3028.  -580.]
1545897444.189211:[16468. -1528.   -44.]
1545897444.254816:[17032. -1672. -2248.]
1545897444.316187:[16972.   452. -5588.]
1545897444.377871:[16284. -2636. -1724.]
1545897444.439122:[16900.  -776. -4172.]
1545897444.504621:[17608.  -904. -3972.]
1545897444.56606:[19568.  -564.  -336.]
1545897444.627892:[19156. -1780. -1144.]
1545897444.688958:[19752.  1412.   760.]
1545897444.750668:[19784.  1132.  -644.]
1545897444.81183:[18320.   212.  1596.]
1545897444.87737:[18528. -1392.    68.]
1545897444.942882:[15636. -2848. -2000.]
1545897445.004342:[18976. -4348. -2716.]
1545897445.065846:[19012. -1900. -3912.]
1545897445.1274161:[15664.  -560. -3036.]
1545897445.192771:[17260. -5024. -2932.]
1545897445.2542:[14904.  -816. -1896.]
1545897445.315648:[18456.  1316. -5112.]
1545897445.3770702:[16732.   908. -4556.]
1545897445.438608:[18416.   708.  -604.]
1545897445.500064:[17380.    32. -2084.]
1545897445.561502:[16732.   208.   -60.]
1545897445.627094:[18656. -1252.   904.]
1545897445.688301:[17116. -1484.  2152.]
1545897445.753886:[18972. -1296.  -188.]
1545897445.815296:[18792. -2316.   180.]
1545897445.880785:[17124. -2392. -1852.]
1545897445.942239:[15028. -3248. -2716.]
1545897446.0037582:[16512. -5120. -3868.]
1545897446.065161:[15500.   600. -3028.]
1545897446.126998:[19228.  -296. -7064.]
1545897446.192107:[10052.  3620. -2528.]
1545897446.2535932:[17408.  2248. -3116.]
1545897446.315016:[19196.  -396.  1480.]
1545897446.376649:[17300.   656. -2544.]
1545897446.437828:[14108.   920.  -316.]
1545897446.49933:[ 1.7268e+04  1.2000e+01 -3.8400e+02]
1545897446.565182:[18044.  1192. -1568.]
1545897446.626441:[21840. -1904.   488.]
1545897446.691814:[18736. -1648.  -180.]
1545897446.753281:[18292. -1392.  2224.]
1545897446.814723:[16280. -1384. -1016.]
1545897446.880332:[17456. -2964. -1804.]
1545897446.941686:[15404. -3208. -3224.]
1545897447.003146:[16240. -2288. -4040.]
1545897447.064589:[18052.  -788. -4940.]
1545897447.126473:[14028.  2452. -3664.]
1545897447.187469:[18012.   772. -4392.]
1545897447.2530172:[16696.   836. -4576.]
1545897447.314432:[19392.   576. -2748.]
1545897447.375874:[13560. -1900.   772.]
1545897447.4372869:[18400.  -360.    32.]
1545897447.4987679:[18832.   140.  1068.]
1545897447.5643141:[17292.  -528.  1056.]
1545897447.625943:[17320. -1736.   604.]
1545897447.68716:[18500. -2784.   436.]
1545897447.7526772:[17660. -3920. -3324.]
1545897447.8140879:[18280. -2656. -3140.]
1545897447.879605:[18956. -1028. -9784.]
1545897447.9410691:[17784. -2476. -1724.]
1545897448.0025458:[17576. -1604. -3016.]
1545897448.063991:[18052.  -108. -3872.]
1545897448.126549:[22424.  -236. -2916.]
1545897448.190874:[17980.  -372. -2808.]
1545897448.2482162:[20596.  2032.   132.]
1545897448.314142:[19704. -1420. -2204.]
1545897448.3756852:[14332.  2928. -2320.]
1545897448.4366589:[17956.  -984.  1372.]
1545897448.5022268:[20888. -1480. -2004.]
1545897448.563683:[21776.  -976. -1776.]
1545897448.625097:[14320.  -988.  1896.]
1545897448.686532:[17220.  -320.  1540.]
1545897448.752039:[16400. -1024. -2616.]
1545897448.813511:[16792. -5460. -3092.]
1545897448.878953:[17536. -2864. -4380.]
1545897448.940421:[15944.  1036. -4688.]
1545897449.001935:[15236.  1272. -4728.]
1545897449.063349:[17716.  1428. -3368.]
1545897449.126718:[17616.   744. -1512.]
1545897449.1862311:[20940.  -900.   660.]
1545897449.247658:[19836.   716.   184.]
1545897449.313192:[19496. -2960.   396.]
1545897449.3787048:[18544. -3808. -1808.]
1545897449.440143:[17028. -4784. -4300.]
1545897449.5017111:[14860. -3132. -3316.]
1545897449.5671659:[16328. -1804. -3480.]
1545897449.628593:[14196.  1464. -3888.]
1545897449.690007:[16440.  1800. -4340.]
1545897449.751471:[15932.  3268. -1436.]
1545897449.812869:[18476.  -688.  1540.]
1545897449.874486:[19064.    92.  1024.]
1545897449.939792:[17376. -2252.  3360.]
1545897450.001228:[18268. -1864.  1820.]
1545897450.062691:[16276. -2348.   928.]
1545897450.1287282:[17352. -3488. -3628.]
1545897450.1896782:[14472. -1136. -3584.]
1545897450.251137:[14944. -1728.  -592.]
1545897450.31276:[15792.   276. -4444.]
1545897450.378567:[19668.  1684. -5988.]
1545897450.4394398:[14468.   332. -2572.]
1545897450.5009012:[15832.  1608.  -476.]
1545897450.563403:[17000.   288.  1296.]
1545897450.624015:[21512.  -132.  -328.]
1545897450.6893282:[20604. -2096.  2824.]
1545897450.750855:[18924. -3820.   404.]
1545897450.812269:[18500. -2120.   536.]
1545897450.8777862:[16880. -1048. -2948.]
1545897450.93924:[16380. -4384. -6036.]
1545897451.0006988:[17472. -2064. -4224.]
1545897451.062141:[15896.  3152. -5456.]
1545897451.1238751:[14796.   628. -1592.]
1545897451.189106:[15920.  1108. -3280.]
1545897451.250585:[14668.  2252. -1824.]
1545897451.3120341:[17512.  2444. -3780.]
1545897451.3778088:[18116. -1008.  1060.]
1545897451.439009:[19560.  -172.  -928.]
1545897451.5004082:[15812. -1868.   772.]
1545897451.561909:[19852. -3208.    48.]
1545897451.6274502:[17408. -3996.  1416.]
1545897451.6888692:[17256. -3112. -3912.]
1545897451.750335:[16416. -2672. -3464.]
1545897451.811622:[15152.  -704. -4380.]
1545897451.877179:[17096. -3152. -5228.]
1545897451.938557:[20044.  2056. -2168.]
1545897452.0000682:[17452.  1620. -3904.]
1545897452.061474:[20672.  1752.   852.]
1545897452.122915:[19056.  -400.  -720.]
1545897452.188427:[19004. -2204. -1112.]
1545897452.245901:[8472.  968. 6124.]
1545897452.3118541:[17196. -1616.  1340.]
1545897452.376977:[19372. -2464.  -428.]
1545897452.438296:[17444. -2804. -1624.]
1545897452.499784:[14568. -4724.  -284.]
1545897452.5652559:[17116.  -460. -6680.]
1545897452.626732:[18228.  -108. -4200.]
1545897452.688212:[16816.  1160. -6308.]
1545897452.749857:[16448.   736. -5772.]
1545897452.811029:[ 1.9092e+04  1.6000e+01 -4.1360e+03]
1545897452.876571:[15664.  2512. -1352.]
1545897452.937978:[15876.  1524. -2008.]
1545897452.999459:[20440. -1512.  -676.]
1545897453.06496:[19280. -1320.  -132.]
1545897453.126409:[19656.  -660.  -252.]
1545897453.1878011:[18656.  -196.   160.]
1545897453.253373:[17404. -2604. -1268.]
1545897453.314877:[17292. -5200. -3676.]
1545897453.376279:[17884. -2820. -5424.]
1545897453.437772:[18784. -1128. -3744.]
1545897453.499181:[17464.  -716. -4528.]
1545897453.564655:[12548.  1956. -3828.]
1545897453.626156:[16160.  2092. -5260.]
1545897453.687568:[21104. -1616. -1268.]
1545897453.7490351:[16348.  1860. -2672.]
1545897453.8104892:[18020. -1936.   808.]
1545897453.8758972:[17596. -3012.  1008.]
1545897453.9373078:[19960. -4152.   248.]
1545897453.9987998:[17336. -1488.   112.]
1545897454.060244:[18788. -3200.    68.]
1545897454.1261408:[18564. -3228. -2868.]
1545897454.187235:[14764. -4032. -4008.]
1545897454.252751:[16588. -3224. -5424.]
1545897454.314153:[16692. -5472. -1308.]
1545897454.375798:[ 21256. -10440.  -2296.]
1545897454.4370618:[19636.  -868. -4616.]
1545897454.498555:[18552.   972. -5744.]
1545897454.56402:[17592.  -676. -2512.]
1545897454.6254551:[18928.  -328. -2484.]
1545897454.686968:[19388. -1788.  1288.]
1545897454.748412:[19340. -1232.  1140.]
1545897454.813888:[17456. -2452.  -364.]
1545897454.875275:[18556. -3516.  -588.]
1545897454.936794:[17052. -3952. -4124.]
1545897454.998252:[13708.  -212. -4084.]
1545897455.063725:[17204.  1520. -6796.]
1545897455.125155:[16216.  2808. -2764.]
1545897455.190681:[17708. -1860. -3932.]
1545897455.252183:[15680.  2276. -4416.]
1545897455.31356:[16268.   588. -1784.]
1545897455.375288:[15588.  -288.  -380.]
1545897455.436461:[16168.   132.  -836.]
1545897455.497965:[18324.  -948.  1088.]
1545897455.563423:[21736.   -88. -1180.]
1545897455.6248288:[17380.  -788.   804.]
1545897455.690364:[18696. -3880. -1636.]
1545897455.751883:[24308. -7556. -2352.]
1545897455.8132732:[ 9432. -4988. -5480.]
1545897455.8748171:[13932.  -336. -4072.]
1545897455.936355:[16580.   740. -2760.]
1545897456.001611:[12904.  2828. -3504.]
1545897456.0631309:[19992.  2836. -2688.]
1545897456.1246562:[20324.   700. -1024.]
1545897456.185994:[18412.   324.  -800.]
1545897456.251473:[18204.  -740. -1124.]
1545897456.3131342:[16836. -1908.   880.]
1545897456.3743849:[19204. -2108.  -568.]
1545897456.435832:[17924. -3748.  1172.]
1545897456.501324:[17932. -3608.  1172.]
1545897456.563475:[18516. -2892. -5852.]
1545897456.624543:[19416. -3668. -3304.]
1545897456.689754:[17916. -6892. -4732.]
1545897456.751261:[13636. -3360.  -168.]
1545897456.812641:[18496.  3028. -6072.]
1545897456.874121:[12788.  2600. -5924.]
1545897456.935585:[17840.  1072. -2900.]
1545897457.001058:[14972.  1692. -2400.]
1545897457.058424:[15940.   932.  -284.]
1545897457.124023:[16360.   232. -1556.]
1545897457.1853812:[19380. -3928.   552.]
1545897457.246908:[18432. -2876.   284.]
1545897457.3084118:[19172. -4404.    48.]
1545897457.373892:[17224. -1648. -2136.]
1545897457.439286:[19480. -4616. -4428.]
1545897457.5007849:[16976. -5596. -3332.]
1545897457.5623622:[16876.  3856. -7604.]
1545897457.623637:[14724.  1788. -5116.]
1545897457.685141:[16776.  2340. -1464.]
1545897457.7506292:[19712. -1496.  1968.]
1545897457.8120341:[16832. -2972.   776.]
1545897457.8735209:[16536. -1680. -2360.]
1545897457.938949:[16724. -3272. -5340.]
1545897458.000444:[21244. -1652. -4424.]
1545897458.0577412:[13352.    32. -3244.]
1545897458.123792:[24552.  1240. -4380.]
1545897458.184747:[18088.  1856.  -204.]
1545897458.246261:[21000. -1264.   760.]
1545897458.3101408:[16620.   -72.   752.]
1545897458.374484:[19068. -3172.   844.]
1545897458.438632:[18896. -1240. -1972.]
1545897458.5001228:[16844. -3580. -7248.]
1545897458.56159:[16880. -3840. -5192.]
1545897458.623036:[14040.  2176. -4032.]
1545897458.6885061:[16296.  -792. -5252.]
1545897458.7460392:[16888.   312.  -768.]
1545897458.807324:[21472.  1600.   656.]
1545897458.868953:[17048.   524.   256.]
1545897458.9343202:[15948. -1132.   572.]
1545897458.9998689:[18476. -3456. -3536.]
1545897459.061436:[18944. -3620. -7384.]
1545897459.12687:[19160. -5348. -4232.]
1545897459.184165:[19668.   256. -7412.]
1545897459.245652:[11512.   416.  -612.]
1545897459.311179:[17876.   328. -2192.]
1545897459.372848:[ 1.9356e+04 -3.7200e+02  1.6000e+01]
1545897459.4340138:[14948.  1516.  -308.]
1545897459.495477:[17344.  -836.    44.]
1545897459.556951:[12116.   576.  1908.]
1545897459.622543:[22236. -2584. -3548.]
1545897459.6839309:[15680. -3748.  -416.]
1545897459.749351:[12528.  1284. -3204.]
1545897459.810831:[14144.   812. -2340.]
1545897459.872469:[18524.  2452. -4724.]
1545897459.937899:[14524.  1056. -4300.]
1545897459.9992661:[17432.   424. -1320.]
1545897460.060628:[15640.  -632.  -728.]
1545897460.122405:[16804.  1632. -1836.]
1545897460.1835148:[17712. -1812.   788.]
1545897460.2490828:[16580.  -396.  1836.]
1545897460.3107252:[16788.   -64.  -128.]
1545897460.372211:[17560. -4972.   516.]
1545897460.437401:[18160. -2212.  -664.]
1545897460.498938:[19488. -2340. -5640.]
1545897460.5609941:[17780. -1344. -4472.]
1545897460.6258519:[16296. -1980. -5144.]
1545897460.683244:[18420.   660. -2928.]
1545897460.748735:[16372.  2956. -2572.]
1545897460.8101609:[17396.  -888. -3644.]
1545897460.871671:[18784.  -272. -1504.]
1545897460.9330502:[19108.   312.  -592.]
1545897460.99861:[20624. -1176. -1496.]
1545897461.0600588:[20936.  -748. -1860.]
1545897461.12149:[17572. -3412.   628.]
1545897461.186965:[13540. -1736.  2460.]
1545897461.2485209:[16264. -4008. -2788.]
1545897461.3099022:[17708. -2284. -4140.]
1545897461.371437:[17536.   376. -4904.]
1545897461.4369001:[15492. -3608. -4300.]
1545897461.498315:[20392.  1504. -5428.]
1545897461.559726:[15612.   100. -3708.]
1545897461.6214:[18064.  2140. -2136.]
1545897461.686749:[19120. -3496. -1736.]
1545897461.744134:[18760.   788.  1404.]
1545897461.8096159:[17076. -4424.   116.]
1545897461.8712409:[17268.   320.  -788.]
1545897461.9365351:[18604. -2064.  -124.]
1545897461.998069:[17952. -3992.  -500.]
1545897462.0594811:[15896. -3704. -4444.]
1545897462.121026:[16164.  -656. -2036.]
1545897462.186347:[18892. -4024. -3384.]
1545897462.247828:[13912. -4912. -1952.]
1545897462.309483:[15480. -2864. -3052.]
1545897462.371037:[21136.  1544. -5316.]
1545897462.4361742:[17188.  1784. -4644.]
1545897462.497702:[14604.  -500.  1176.]
1545897462.559188:[16408.  -256.  -176.]
1545897462.620965:[19388. -2108.  -248.]
1545897462.682003:[16384. -1348.   960.]
1545897462.747526:[17060. -1240.  -188.]
1545897462.808937:[17436. -2184.  -804.]
1545897462.874461:[17672. -4136. -2048.]
1545897462.935916:[16988. -2760. -5384.]
1545897462.997379:[15712. -3496. -5896.]
1545897463.0628889:[ 18044.   3956. -10120.]
1545897463.124479:[16576. -2080. -2196.]
1545897463.185781:[13972.  2124. -2724.]
1545897463.2472231:[15232.  1636. -2760.]
1545897463.30866:[14136.  2004.  -416.]
1545897463.3749619:[18564. -4308.  2292.]
1545897463.435626:[17708.  1500. -1856.]
1545897463.497154:[19292. -2220.  1192.]
1545897463.562586:[18440. -3436. -2052.]
1545897463.624017:[19300. -1868.  1168.]
1545897463.6856031:[15100. -2748. -3944.]
1545897463.7469609:[18704. -3624. -6848.]
1545897463.8124642:[18448. -1860. -5200.]
1545897463.874153:[ 18520. -10660.  -4224.]
1545897463.935329:[21100.  1864. -4844.]
1545897463.9968379:[13928.  2812. -3848.]
1545897464.0582452:[18900.   888. -1544.]
1545897464.124081:[15372.  1436. -3268.]
1545897464.185123:[21672. -1976.  1336.]
1545897464.2426581:[14040.   188.   572.]
1545897464.3089468:[15140.  -572.  2088.]
1545897464.374021:[20388. -2908. -2708.]
1545897464.434966:[17920. -3800.  -896.]
1545897464.496609:[19620.  -956. -4268.]
1545897464.5620081:[16512. -3648. -5104.]
1545897464.619499:[ 18316. -15408.     76.]
1545897464.68482:[17092.   104. -3536.]
1545897464.746277:[16580.   516. -4704.]
1545897464.80777:[17948.  1812. -3896.]
1545897464.869576:[16656.   776. -5008.]
1545897464.9346821:[17824.  1280. -2708.]
1545897464.996126:[15208.   432.  1112.]
1545897465.0575979:[21160. -2460.   308.]
1545897465.123082:[17364.  -972.  1368.]
1545897465.184545:[21484. -3676.   -44.]
1545897465.246083:[18488. -2212.  -968.]
1545897465.311552:[17768. -4212. -2952.]
1545897465.3730052:[18608. -1580. -7296.]
1545897465.434416:[17380.  1548. -4772.]
1545897465.495928:[18188.  3560. -5940.]
1545897465.5613902:[15800.  1564. -4796.]
1545897465.623038:[14484.  4012. -2660.]
1545897465.684313:[14712.  3028. -2132.]
1545897465.745766:[19132.  -592. -1196.]
1545897465.8071449:[19224.   880.   244.]
1545897465.872809:[18728. -2732.  -212.]
1545897465.93413:[18576. -2080. -2140.]
1545897465.999688:[16908. -2572. -2288.]
1545897466.061122:[16392. -4464. -1220.]
1545897466.1229608:[15824. -2980. -2604.]
1545897466.183881:[19004.   300. -5880.]
1545897466.24948:[21000. -8476. -5396.]
1545897466.306813:[17688.   240. -7560.]
1545897466.3725052:[17460.  1512. -6588.]
1545897466.4337652:[13740.  4468. -3688.]
1545897466.495212:[21288.  -812.   472.]
1545897466.556663:[19940. -1816.   280.]
1545897466.618094:[18832.  -708.    20.]
1545897466.683593:[16580.  1344.   -24.]
1545897466.7451289:[17876. -3056.   492.]
1545897466.8105989:[16040. -2628. -4200.]
1545897466.87218:[17092. -5860. -2184.]
1545897466.933524:[19964. -2024. -3216.]
1545897466.9950101:[18388.    40. -6556.]
1545897467.0604:[16552. -3216. -3588.]
1545897467.122027:[14412.   652. -3028.]
1545897467.183341:[19096.  2384. -3888.]
1545897467.2448242:[17932.  3116. -1524.]
1545897467.3061628:[16088.   468.   372.]
1545897467.3720598:[19488. -1924.  -380.]
1545897467.433182:[14936. -3900.  -480.]
1545897467.494726:[14612. -3276.  2672.]
1545897467.5601878:[20552. -3808. -6620.]
1545897467.621721:[17048. -2752. -2312.]
1545897467.6830819:[15292. -5396. -4420.]
1545897467.748668:[18328. -3112. -4504.]
1545897467.806017:[17348.   736. -3484.]
1545897467.8715641:[12220.  2520. -2908.]
1545897467.932897:[18592.  -428. -1364.]
1545897467.9943302:[19368. -1404.  -412.]
1545897468.059823:[19972. -3068.  1244.]
1545897468.1213021:[21780. -3948. -3196.]
1545897468.186831:[20188. -2648. -6448.]
1545897468.248301:[17308.  -380. -2768.]
1545897468.30966:[16992. -1168. -1444.]
1545897468.37126:[16072. -4004.   -68.]
