1545900084.2835321:[17700.  6636. -3064.]
1
1545900084.349163:[14688.  6484. -3968.]
1
1545900084.410221:[17020.  6624. -3464.]
1
1545900084.471796:[18188.  6472. -3976.]
1
1545900084.5331311:[16984.  4940. -1468.]
1
1545900084.598651:[14948.  3504.  -528.]
1
1545900084.660084:[18596.  3920. -1608.]
1
1545900084.721576:[17740.  2840.  1360.]
1
1545900084.783007:[17488.  2232.  2116.]
1
1545900084.848629:[18796.  2548. -1008.]
1
1545900084.909975:[16364.  1332.  -888.]
1
1545900084.971456:[18096.  1696. -1616.]
1
1545900085.0328:[17036.   944.   832.]
1
1545900085.098837:[17084.  1540. -1936.]
1
1545900085.159721:[17560.  1624. -5004.]
0
1545900085.221196:[16900.   900. -4732.]
1
1545900085.286937:[18020.  2432. -4912.]
1
1545900085.348282:[14456.   912. -3240.]
1
1545900085.40959:[19020.  5928. -4560.]
1
1545900085.471057:[14740.  1920. -3772.]
2
1545900085.536532:[17968.  6612. -2888.]
2
1545900085.5980842:[15544.  2564. -1228.]
2
1545900085.659443:[19232.  5488.  1972.]
2
1545900085.720932:[16480.  4388.  1292.]
1
1545900085.78235:[17520.  2796.  1300.]
2
1545900085.848114:[17372.  1300.  3100.]
2
1545900085.909338:[18812.  2512.  -172.]
2
1545900085.970714:[18248.    20.  2552.]
2
1545900086.0324109:[19976.   800.  1220.]
1
1545900086.097908:[17564. -1152.  1292.]
2
1545900086.159177:[16328. -1592.  -852.]
2
1545900086.22365:[18012.  -368. -1040.]
2
1545900086.286431:[17944.  -400. -1620.]
2
1545900086.347648:[18344.  -668. -3700.]
1
1545900086.409271:[14728. -1244. -3924.]
2
1545900086.4704509:[17964.   496. -5408.]
2
1545900086.5318882:[14436.   332. -3780.]
2
1545900086.59745:[18132.  4160. -5248.]
2
1545900086.658902:[15916.  4036. -4256.]
2
1545900086.720366:[17016.  3496. -2044.]
2
1545900086.792734:[17604.  4152.   984.]
2
1545900086.8475149:[17360.  2772.  2388.]
2
1545900086.908778:[18608.  3164.  3228.]
2
1545900086.9707232:[19532.  3012.  -288.]
2
1545900087.031989:[18616.  1908.  1540.]
2
1545900087.102179:[19100.   760.   516.]
2
1545900087.15854:[18112.  -152.  4412.]
2
1545900087.2199109:[17668.   416.   664.]
2
1545900087.281674:[19012. -1572.   -88.]
2
1545900087.343137:[18176.   244.  -144.]
2
1545900087.4083998:[18748.   152. -1028.]
2
1545900087.4698591:[17620.   132. -3632.]
2
1545900087.535284:[16968.  1404. -2080.]
1
1545900087.596885:[14956.  -308. -4440.]
2
1545900087.6582232:[17700.  4728. -4044.]
2
1545900087.719645:[15824.  3320. -3984.]
2
1545900087.785353:[16384.  3736. -2156.]
2
1545900087.8427331:[18076.  2996.   760.]
2
1545900087.908128:[17440.  2496. -1348.]
2
1545900087.973577:[18544.  3104. -2284.]
2
1545900088.035421:[18260.  2768.  -448.]
2
1545900088.096601:[18680.  2668.  1068.]
2
1545900088.157866:[18740.  1724.   116.]
2
1545900088.219327:[19264.  1136.    28.]
2
1545900088.280907:[18692.   684.  1440.]
2
1545900088.342554:[18204.  -344.    24.]
2
1545900088.407773:[18356.  -232. -2256.]
2
1545900088.4692779:[17664.   416. -1560.]
2
1545900088.5347729:[17180. -1340. -1620.]
2
1545900088.596305:[16964.  -876. -2980.]
1
1545900088.657669:[16908.  -372. -3052.]
2
1545900088.7231941:[15016. -1200. -3360.]
2
1545900088.7846:[17720.  2976. -5000.]
2
1545900088.846216:[14884.  1240. -5488.]
2
1545900088.907497:[15208.  2268. -4072.]
2
1545900088.973005:[18648.  5636. -4688.]
2
1545900089.034438:[17512.  4368.  -508.]
2
1545900089.096179:[18944.  4768.  -404.]
2
1545900089.1573498:[15456.  3068.  1156.]
2
1545900089.218834:[16176.  2104.  2412.]
2
1545900089.280201:[18304.  1836.   312.]
2
1545900089.3465312:[19224.  1616.   -84.]
2
1545900089.4030552:[1.8368e+04 8.0000e+00 1.3320e+03]
2
1545900089.468568:[18580. -1076.   872.]
2
1545900089.53406:[17260. -1424.   156.]
2
1545900089.5957608:[18800.  -952. -1752.]
2
1545900089.6569622:[18204.  -680. -2540.]
2
1545900089.718424:[16156.   316. -3952.]
1
1545900089.783896:[14764.   924. -4580.]
2
1545900089.845591:[14348.  -916. -6288.]
2
1545900089.906919:[17096.  1808. -5720.]
2
1545900089.972364:[17636.  4084. -6512.]
2
1545900090.0391328:[11516.  2152. -4432.]
2
1545900090.095619:[14044.  2676. -3456.]
2
1545900090.156779:[15088.  4864.  -152.]
2
1545900090.222421:[15004.  2316. -4396.]
2
1545900090.2841349:[17444.  3552. -1628.]
2
1545900090.345442:[17612.  2468.  1480.]
2
1545900090.406616:[19440.  2232.  3636.]
2
1545900090.467985:[19524.  1732.   936.]
2
1545900090.5294259:[18352.   628.  -492.]
2
1545900090.595497:[17260.  1828.   840.]
2
1545900090.656407:[17328.  1804.  -456.]
2
1545900090.721904:[18856.  1008. -1312.]
2
1545900090.783396:[19248.  1608. -4664.]
2
1545900090.844934:[17548.  -712. -3264.]
0
1545900090.906348:[16520.   688. -4764.]
2
1545900090.971793:[16648.  2448. -5432.]
2
1545900091.033322:[17276.  2576. -4680.]
2
1545900091.094769:[16196.  4056. -5428.]
1
1545900091.1562119:[15048.  3200. -4776.]
2
1545900091.221622:[16488.  4552. -2800.]
2
1545900091.283009:[17168.  4688. -2596.]
2
1545900091.345529:[15676.  3008.   -64.]
2
1545900091.405907:[19684.  4036. -2916.]
2
1545900091.467354:[18428.  2788.  1048.]
2
1545900091.532803:[16480.  1884.  1356.]
2
1545900091.5944262:[19760.  1976.  -532.]
2
1545900091.655707:[18908.   768.   960.]
2
1545900091.717162:[18796.   804.   800.]
2
1545900091.778624:[16244.   200.  -276.]
2
1545900091.8441422:[16932.   572.  -692.]
2
1545900091.905656:[18068.  1056. -1924.]
2
1545900091.967078:[16272.   420.   320.]
2
1545900092.032757:[18104.  1368. -3228.]
1
1545900092.094267:[16188.   704. -2504.]
2
1545900092.155499:[18884.  1956. -3976.]
2
1545900092.221002:[18676.  2728. -1044.]
2
1545900092.282423:[16568.  1068. -2240.]
1
1545900092.3442938:[17016.  1312. -1924.]
2
1545900092.405386:[17196.  2488. -2536.]
2
1545900092.470847:[16844.  1608. -3028.]
2
1545900092.532266:[18108.  2208. -4764.]
2
1545900092.593845:[17496.  2320. -3480.]
2
1545900092.659304:[16540.  2636. -2820.]
2
1545900092.720706:[18064.  2812. -2256.]
2
1545900092.782138:[14692.  5332.  -948.]
2
1545900092.843898:[16716.  2660.  -224.]
2
1545900092.9091551:[18012.  2204. -1584.]
2
1545900092.97053:[17080.  1360.  -484.]
1
1545900093.032047:[16984.  2028.  -852.]
2
1545900093.093809:[18244.  1944.  -536.]
2
1545900093.154919:[18112.  1896.  -804.]
2
1545900093.216418:[17540.  1712.    84.]
2
1545900093.281832:[17268.  2320.  -528.]
0
1545900093.3435872:[19176.  2544.   -88.]
0
1545900093.404681:[17572.  -584.  -348.]
0
1545900093.4701529:[18396.  1908.  -428.]
2
1545900093.527581:[16908.   428.   -36.]
2
1545900093.593293:[18260.   700. -1200.]
2
1545900093.654517:[16768.   844. -1472.]
2
1545900093.720053:[16348.   148. -3492.]
2
1545900093.781603:[15848.  1772. -3972.]
2
1545900093.842996:[17244.  2388. -5084.]
2
1545900093.908426:[16852.  2080. -5184.]
2
1545900093.969894:[14700.  1880. -4768.]
2
1545900094.031761:[16712.  2428. -3780.]
2
1545900094.0936599:[16668.  2488. -4472.]
2
1545900094.158278:[18328.  3124. -4696.]
2
1545900094.219727:[17612.  3068. -1192.]
2
1545900094.281375:[15640.  2340.  3148.]
2
1545900094.3431182:[18092.  3332.  -824.]
2
1545900094.408166:[18288.  3116. -1252.]
2
1545900094.4655738:[17124.  2236.   428.]
2
1545900094.53109:[18528.  1724.  -256.]
2
1545900094.592651:[19260.  1936.  -232.]
2
1545900094.654043:[17248.  1032.   448.]
2
1545900094.7154:[17980.  1064.   504.]
2
1545900094.776865:[17512.    60.  1324.]
2
1545900094.842462:[17308.   576.   372.]
2
1545900094.9078279:[17140.  -304. -2520.]
2
1545900094.969297:[17328.  1096. -4872.]
2
1545900095.030817:[17164.  1728. -1596.]
2
1545900095.0923111:[16764.   984. -3928.]
2
1545900095.1577759:[18136.  2908. -2036.]
2
1545900095.219182:[17060.  2168. -2468.]
1
1545900095.280652:[15924.  2444. -3940.]
2
1545900095.3425548:[15432.  3656. -4264.]
2
1545900095.407509:[15988.  4396. -3792.]
2
1545900095.468961:[17400.  3300. -1292.]
2
1545900095.530394:[17256.  3780.   -76.]
2
1545900095.592065:[14928.  3572.   424.]
2
1545900095.653271:[16668.  4780.   -76.]
2
1545900095.714723:[ 1.4716e+04  3.3560e+03 -1.2000e+01]
2
1545900095.780231:[18004.  4220.  -520.]
2
1545900095.84179:[17760.  3612.  -284.]
2
1545900095.903171:[17700.  3032.  1196.]
2
1545900095.9685981:[18484.  3592.  1156.]
2
1545900096.030654:[18288.  2444.  1556.]
2
1545900096.0919511:[18244.  2884.   860.]
2
1545900096.153033:[18176.  1748.   256.]
1
1545900096.214473:[18068.  1028.   540.]
2
1545900096.2799911:[17792.  1192.   348.]
2
1545900096.341683:[17080.  1528.   -32.]
2
1545900096.402932:[18984.   812. -1728.]
2
1545900096.468362:[17444.  1832. -2516.]
2
1545900096.529848:[16992.  2500. -2200.]
2
1545900096.591306:[16240.  2592. -2572.]
2
1545900096.656821:[15368.  4100. -4140.]
2
1545900096.718251:[15552.  3716. -5000.]
2
1545900096.7797198:[16468.  4656. -4132.]
2
1545900096.841274:[18152.  5880. -3512.]
2
1545900096.906678:[16696.  5712.  -988.]
2
1545900096.9680982:[16780.  5344.  1172.]
2
1545900097.029629:[17956.  5100. -1524.]
2
1545900097.0953128:[19520.  5240. -1352.]
2
1545900097.156576:[17348.  4040.  1020.]
2
1545900097.217946:[15792.  2740.   620.]
2
1545900097.279444:[19128.  2504.  1504.]
2
1545900097.341068:[19388.  3028.  1284.]
2
1545900097.402215:[18264.  2880.   676.]
2
1545900097.467713:[17056.  1140.   644.]
2
1545900097.5291798:[18612.  1792. -1228.]
2
1545900097.590636:[17940.  1112.  -492.]
2
1545900097.656137:[17236.  1976. -1720.]
2
1545900097.717624:[16552.  2208. -2916.]
2
1545900097.779007:[16940.  2632. -3380.]
2
1545900097.841231:[16340.   896. -3364.]
2
1545900097.9060428:[17988.  2996. -4576.]
2
1545900097.967427:[16372.  2616. -5080.]
2
1545900098.030119:[14164.   564. -2128.]
2
1545900098.0946372:[17504.  5396. -6204.]
2
1545900098.155879:[15804.  3908. -7856.]
2
1545900098.217311:[16132.  4172. -5264.]
2
1545900098.2795038:[16392.  4988. -4252.]
2
1545900098.344643:[18092.  3880. -1464.]
2
1545900098.405653:[16816.  3016.  -160.]
2
1545900098.46719:[17732.  3476. -1536.]
2
1545900098.528642:[17676.  3272. -1020.]
2
1545900098.590275:[16792.  2464.   684.]
2
1545900098.655636:[17124.  2272. -1268.]
2
1545900098.717118:[18784.  2204. -1392.]
1
1545900098.774443:[18812.   520.    36.]
2
1545900098.8400881:[18172.  1748.  -864.]
2
1545900098.905388:[17532.  1452. -1276.]
2
1545900098.966871:[17256.  1556. -2112.]
2
1545900099.028331:[17356.   960. -1788.]
2
1545900099.0899441:[17740.   316. -4164.]
2
1545900099.1552598:[16960.  1612. -3128.]
2
1545900099.216736:[14932.   504. -3064.]
2
1545900099.278215:[19520.  5376. -5908.]
2
1545900099.34394:[17804.  2648. -4152.]
2
1545900099.405134:[15156.  2392. -3796.]
2
1545900099.466578:[16556.  3284. -4336.]
2
1545900099.532016:[15516.  3636. -4760.]
2
1545900099.5935822:[17488.  3932. -5436.]
2
1545900099.654958:[15584.  3644. -3932.]
2
1545900099.716427:[16388.  3460. -1896.]
2
1545900099.781866:[17960.  4532. -3352.]
2
1545900099.839443:[15716.  3104.   516.]
2
1545900099.9047868:[15988.  3104.  -228.]
2
1545900099.966295:[18492.  3620. -2192.]
2
1545900100.027972:[16988.  2068.  1084.]
2
1545900100.093598:[17476.  2968. -2000.]
2
1545900100.154638:[18920.  3024. -1836.]
2
1545900100.216131:[17476.  2016.  1396.]
1
1545900100.278126:[17988.  1988.  -140.]
2
1545900100.343265:[17004.  1484. -1244.]
2
1545900100.404486:[16544. -1252.  -648.]
2
1545900100.465966:[18164.  1152. -2464.]
2
1545900100.527411:[15600.   204. -5372.]
2
1545900100.592949:[17232.  3344. -6260.]
2
1545900100.654326:[14284.  -436. -6836.]
0
1545900100.7158341:[15424.  3636. -7244.]
2
1545900100.781307:[15396.  3512. -7060.]
2
1545900100.8427541:[15176.  3872. -7296.]
2
1545900100.904172:[16096.  3524. -6344.]
2
1545900100.965673:[17196.  3172. -3380.]
2
1545900101.03121:[16460.  4564. -3264.]
2
1545900101.0929239:[17820.  3672. -4012.]
2
1545900101.1540082:[15512.  3280.  -680.]
2
1545900101.219543:[17008.  3328. -1620.]
2
1545900101.2810838:[17760.  1932. -1728.]
2
1545900101.342593:[18020.  2180. -1724.]
2
1545900101.403869:[18000.  2020.   -68.]
2
1545900101.465396:[18552.  1300.  -536.]
2
1545900101.5267258:[17100.   332.   460.]
2
1545900101.592386:[17056.   164. -2888.]
2
1545900101.6536992:[15968.  -840. -2256.]
2
1545900101.7192:[16048. -1568. -4984.]
2
1545900101.78069:[17612.  1012. -3928.]
2
1545900101.842349:[17028.  1324. -6596.]
2
1545900101.903538:[14792.   140. -6252.]
2
1545900101.9690619:[16632.  1576. -5332.]
2
1545900102.030554:[16400.  2676. -5676.]
2
1545900102.092105:[14724.  3024. -7392.]
2
1545900102.1534321:[13920.  3816. -6908.]
2
1545900102.2188969:[14520.  2780. -4676.]
2
1545900102.2804291:[16448.  3612. -2172.]
2
1545900102.338059:[ 1.6588e+04  2.2600e+03 -4.0000e+00]
2
1545900102.40326:[20592.  2940. -1956.]
2
1545900102.464672:[2.0516e+04 3.5840e+03 4.0000e+00]
2
1545900102.530231:[16188.  1200.  1172.]
2
1545900102.591907:[19128.  1160. -1936.]
2
1545900102.6531498:[18292. -5472.  4644.]
2
1545900102.718679:[19624. -2156.  1344.]
2
1545900102.780123:[18308. -2860. -1600.]
2
1545900102.841537:[19920. -1212.  -976.]
2
1545900102.9070148:[15088. -2252. -3464.]
2
1545900102.968506:[15204. -1316. -3900.]
2
1545900103.025939:[17596.  1504.   604.]
2
1545900103.091833:[15960.  1476. -2400.]
2
1545900103.152843:[18924.  4212.  -672.]
2
1545900103.218314:[14460.  2196. -4932.]
2
1545900103.279775:[16028.  2920. -1044.]
2
1545900103.341335:[16928.  3964.   564.]
1
1545900103.4026859:[16556.  1112. -3280.]
1
1545900103.4641888:[21496.   948. -5240.]
2
1545900103.52962:[13036.   -56. -1236.]
2
1545900103.591603:[17972.  -756. -2476.]
2
1545900103.652556:[17384.  -740. -2192.]
2
1545900103.717952:[17388.  -616. -2304.]
2
1545900103.779427:[17488.  -744. -2252.]
2
1545900103.841165:[17436.  -752. -2076.]
2
1545900103.902386:[17456.  -888. -2188.]
2
1545900103.967833:[17532.  -972. -2360.]
1
