1545899492.0697951:[18200.  -540.  2436.]
0
1545899492.1358411:[18292.  -636.  2344.]
1
1545899492.196842:[18288.  -588.  2400.]
1
1545899492.258162:[18108.  -544.  2468.]
1
1545899492.3195992:[18244.  -588.  2480.]
1
1545899492.385588:[18244.  -680.  2548.]
1
1545899492.446557:[18272.  -608.  2568.]
1
1545899492.507919:[18284.  -680.  2432.]
1
1545899492.569379:[18252.  -648.  2364.]
1
1545899492.636168:[18416.  -592.  2456.]
1
1545899492.6965702:[18176.  -584.  2432.]
1
1545899492.757805:[18132.  -608.  2388.]
1
1545899492.8192692:[18268.  -640.  2340.]
1
1545899492.884704:[18260.  -648.  2284.]
1
1545899492.946265:[18328.  -644.  2448.]
1
1545899493.007631:[18284.  -632.  2548.]
1
1545899493.069097:[18256.  -536.  2340.]
1
1545899493.134573:[18296.  -652.  2396.]
1
1545899493.1960151:[18380.  -648.  2340.]
1
1545899493.257471:[18324.  -584.  2352.]
1
1545899493.3189728:[18368.  -632.  2356.]
1
1545899493.3844092:[18232.  -568.  2436.]
1
1545899493.446005:[18256.  -692.  2536.]
1
1545899493.507471:[18244.  -752.  2356.]
1
1545899493.568842:[18208.  -604.  2328.]
1
1545899493.634274:[18252.  -604.  2192.]
1
1545899493.696234:[18188.  -628.  2320.]
1
1545899493.757157:[18248.  -568.  2380.]
1
1545899493.818712:[18240.  -668.  2444.]
1
1545899493.884149:[18376.  -524.  2608.]
1
1545899493.945581:[18216.  -704.  2480.]
1
1545899494.0070431:[18232.  -572.  2388.]
1
1545899494.068494:[18248.  -580.  2444.]
1
1545899494.1339898:[18280.  -568.  2404.]
1
1545899494.195519:[18364.  -636.  2308.]
1
1545899494.256948:[18312.  -496.  2524.]
1
1545899494.318411:[18192.  -660.  2420.]
1
1545899494.384058:[18380.  -628.  2440.]
1
1545899494.445361:[18228.  -616.  2516.]
1
1545899494.506712:[18232.  -680.  2376.]
1
1545899494.568187:[18160.  -568.  2468.]
1
1545899494.633672:[18244.  -596.  2384.]
1
1545899494.695064:[18296.  -684.  2448.]
1
1545899494.756541:[18236.  -616.  2372.]
1
1545899494.8181388:[18380.  -460.  2304.]
1
1545899494.883842:[18120.  -664.  2456.]
1
1545899494.945083:[18248.  -536.  2308.]
1
1545899495.006387:[18308.  -704.  2272.]
1
1545899495.067891:[18260.  -588.  2452.]
1
1545899495.1336372:[18340.  -644.  2448.]
1
1545899495.1952598:[18236.  -560.  2236.]
1
1545899495.256418:[18212.  -648.  2308.]
1
1545899495.3177211:[18196.  -604.  2484.]
1
1545899495.38322:[18212.  -616.  2384.]
1
1545899495.445122:[18292.  -540.  2388.]
1
1545899495.5061278:[18084.  -592.  2564.]
1
1545899495.5676532:[18144.  -628.  2384.]
1
1545899495.6331651:[18268.  -668.  2440.]
1
1545899495.6947908:[18364.  -600.  2308.]
1
1545899495.755973:[18296.  -632.  2484.]
1
1545899495.817775:[18280.  -632.  2304.]
1
1545899495.8831081:[18228.  -688.  2324.]
1
1545899495.9455822:[18296.  -572.  2340.]
1
1545899496.0058298:[18292.  -652.  2428.]
1
1545899496.067383:[18344.  -688.  2540.]
1
1545899496.1328268:[18276.  -508.  2388.]
1
1545899496.19423:[18244.  -668.  2392.]
1
1545899496.255671:[18164.  -588.  2536.]
1
1545899496.317194:[18072.  -648.  2376.]
1
1545899496.382625:[18240.  -600.  2452.]
1
1545899496.444067:[18352.  -544.  2340.]
1
1545899496.5055318:[18264.  -632.  2328.]
1
1545899496.566926:[18416.  -492.  2328.]
1
1545899496.632475:[18328.  -596.  2404.]
1
1545899496.693857:[18148.  -588.  2424.]
1
1545899496.7552881:[18292.  -664.  2416.]
1
1545899496.816939:[18208.  -752.  2384.]
1
1545899496.88221:[18300.  -588.  2352.]
1
1545899496.944124:[18384.  -652.  2332.]
1
1545899497.005228:[18236.  -664.  2384.]
1
1545899497.066727:[18308.  -532.  2444.]
1
1545899497.132133:[18212.  -520.  2468.]
1
1545899497.1935942:[18272.  -532.  2532.]
1
1545899497.2549918:[18264.  -604.  2400.]
1
1545899497.316531:[18196.  -656.  2256.]
1
1545899497.381997:[18248.  -588.  2548.]
1
1545899497.443736:[18084.  -572.  2384.]
1
1545899497.504905:[18168.  -640.  2400.]
1
1545899497.5663302:[18340.  -516.  2412.]
1
1545899497.631862:[18312.  -724.  2396.]
1
1545899497.693701:[18256.  -660.  2400.]
1
1545899497.7547672:[18188.  -464.  2316.]
1
1545899497.816144:[18200.  -660.  2292.]
1
1545899497.881807:[18316.  -716.  2444.]
1
1545899497.9430919:[18316.  -576.  2376.]
1
1545899498.004591:[18196.  -616.  2368.]
1
1545899498.0660539:[18172.  -524.  2496.]
1
1545899498.131605:[18224.  -608.  2464.]
1
1545899498.193007:[18368.  -632.  2452.]
1
1545899498.2544708:[18344.  -608.  2368.]
1
1545899498.3158998:[18232.  -588.  2404.]
1
1545899498.3814158:[18272.  -704.  2324.]
1
1545899498.4428642:[18304.  -568.  2424.]
1
1545899498.504297:[18276.  -532.  2496.]
1
1545899498.565921:[18228.  -500.  2356.]
1
1545899498.631177:[18164.  -624.  2512.]
1
1545899498.6934268:[18228.  -656.  2496.]
1
1545899498.754046:[18184.  -584.  2428.]
1
1545899498.8155782:[18312.  -636.  2420.]
1
1545899498.881269:[18400.  -580.  2236.]
1
1545899498.942782:[18204.  -668.  2300.]
1
1545899499.003936:[18260.  -620.  2272.]
1
1545899499.065382:[18200.  -696.  2464.]
1
1545899499.1308851:[18280.  -520.  2416.]
1
1545899499.192616:[18272.  -680.  2416.]
1
1545899499.253819:[18176.  -632.  2460.]
1
1545899499.315398:[18312.  -672.  2284.]
1
1545899499.380739:[18188.  -624.  2192.]
1
1545899499.442275:[18224.  -532.  2476.]
1
1545899499.50367:[18272.  -632.  2316.]
1
1545899499.565069:[18416.  -556.  2408.]
1
1545899499.6306958:[18236.  -628.  2516.]
1
1545899499.692457:[18380.  -600.  2480.]
1
1545899499.7535841:[18272.  -580.  2472.]
1
1545899499.814993:[18220.  -668.  2480.]
1
1545899499.880841:[18336.  -556.  2476.]
1
1545899499.9425569:[18132.  -580.  2412.]
1
1545899500.003467:[18244.  -580.  2496.]
1
1545899500.064872:[18348.  -716.  2400.]
1
1545899500.130414:[18272.  -640.  2340.]
1
1545899500.191927:[17732. -1764.  1820.]
1
1545899500.253246:[18284.  -460.  2616.]
1
1545899500.318774:[18252.  -492.  2288.]
1
1545899500.380125:[18404.  -656.  2340.]
1
1545899500.442102:[18268.  -572.  2336.]
1
1545899500.503136:[18184.  -976.  1948.]
1
1545899500.568613:[18560. -1004.  1972.]
1
1545899500.629983:[18120.  -576.  2504.]
1
1545899500.6946602:[18908.  -332.  2128.]
1
1545899500.756896:[17352. -1152.  2048.]
1
1545899500.818393:[18316.  -932.  2380.]
1
1545899500.879808:[18508.  -888.  2672.]
1
1545899500.941469:[16752.   136.  3844.]
1
1545899501.0028532:[18672.  -448.  1372.]
1
1545899501.068298:[18408. -1364.  1428.]
1
1545899501.129612:[18628.   188.  3244.]
1
1545899501.191278:[16644.   352.  4004.]
1
1545899501.2566159:[19800. -1204.  1560.]
1
1545899501.318089:[18000.  -456.  3080.]
1
1545899501.379692:[18168.  -344.  3756.]
1
1545899501.441445:[17676. -1972.  2644.]
1
1545899501.5024588:[24980.  1212.  1372.]
1
1545899501.567977:[18204.  -652.  3508.]
1
1545899501.629554:[19072.  -752.  3116.]
1
1545899501.690975:[18316.  -508.  3272.]
1
1545899501.7562938:[16424. -1528.  4656.]
1
1545899501.817854:[18996.  -568.  4200.]
1
1545899501.879736:[15220. -1524.  5164.]
1
1545899501.9449332:[29484. -1056. -5304.]
1
1545899502.006233:[18176. -1000.  3144.]
1
1545899502.0676339:[17596.  -212.  2868.]
1
1545899502.129079:[18488.  -588.  2052.]
1
1545899502.190645:[18168.  -680.  2600.]
1
1545899502.25204:[18280.  -644.  2428.]
1
1545899502.317491:[18288.  -600.  2320.]
1
1545899502.3789499:[18268.  -680.  2468.]
1
1545899502.4405189:[18284.  -696.  2336.]
1
1545899502.5018492:[18120.  -612.  2448.]
1
1545899502.567358:[18232.  -664.  2264.]
1
1545899502.628819:[18348.  -640.  2376.]
1
1545899502.690249:[18292.  -668.  2380.]
1
1545899502.7516139:[18136.  -656.  2564.]
1
1545899502.817159:[18260.  -608.  2304.]
1
1545899502.8785439:[18260.  -624.  2300.]
1
1545899502.940351:[18296.  -644.  2552.]
1
1545899503.001579:[18288.  -600.  2328.]
1
1545899503.066989:[18312.  -592.  2396.]
1
1545899503.128449:[18300.  -688.  2452.]
1
1545899503.190434:[18180.  -624.  2352.]
1
1545899503.2513459:[18276.  -640.  2292.]
1
1545899503.31684:[18176.  -656.  2412.]
1
1545899503.383088:[18184.  -596.  2356.]
1
1545899503.442674:[18136.  -652.  2508.]
1
1545899503.501225:[18384.  -724.  2216.]
1
1545899503.566821:[18252.  -560.  2404.]
1
1545899503.6282508:[18168.  -620.  2376.]
1
1545899503.689999:[18388.  -572.  2260.]
1
1545899503.751032:[18296.  -564.  2428.]
1
1545899503.8165839:[18260.  -560.  2380.]
1
1545899503.879901:[18228.  -696.  2244.]
1
1545899503.940057:[18272.  -564.  2492.]
1
1545899504.000919:[18300.  -604.  2316.]
1
1545899504.066425:[18272.  -632.  2180.]
1
1545899504.127838:[18208.  -632.  2488.]
1
1545899504.189594:[18216.  -676.  2392.]
1
1545899504.250763:[18164.  -548.  2584.]
1
1545899504.316225:[18204.  -580.  2396.]
1
1545899504.377722:[18280.  -572.  2536.]
1
1545899504.439372:[18224.  -600.  2436.]
1
1545899504.500601:[18196.  -636.  2324.]
1
1545899504.566145:[18252.  -644.  2468.]
1
1545899504.6275892:[18336.  -640.  2444.]
1
1545899504.6897438:[18256.  -572.  2548.]
1
1545899504.750551:[18276.  -592.  2224.]
1
1545899504.815844:[18156.  -668.  2412.]
1
1545899504.8773088:[18364.  -644.  2304.]
1
1545899504.938804:[18208.  -548.  2348.]
1
1545899505.000298:[18260.  -612.  2400.]
1
1545899505.065726:[18252.  -624.  2412.]
1
1545899505.12722:[18188.  -592.  2420.]
1
1545899505.1889012:[18300.  -656.  2404.]
1
1545899505.250189:[18204.  -616.  2436.]
1
1545899505.315626:[18252.  -612.  2432.]
1
1545899505.377088:[18268.  -576.  2264.]
1
1545899505.4388218:[18248.  -684.  2364.]
1
1545899505.499964:[18228.  -608.  2332.]
1
1545899505.5655448:[18204.  -692.  2392.]
1
1545899505.627249:[18196.  -584.  2488.]
1
1545899505.6885471:[18196.  -600.  2556.]
1
1545899505.749838:[18236.  -512.  2368.]
1
1545899505.815294:[18156.  -584.  2292.]
1
1545899505.876773:[18388.  -564.  2384.]
1
1545899505.938498:[18300.  -568.  2324.]
1
1545899505.999846:[18352.  -604.  2400.]
1
1545899506.065185:[18200.  -652.  2512.]
1
1545899506.126676:[18256.  -604.  2304.]
1
1545899506.188278:[18224.  -692.  2288.]
1
1545899506.249493:[18260.  -624.  2452.]
1
1545899506.315009:[18268.  -588.  2364.]
1
1545899506.376472:[18192.  -668.  2432.]
1
1545899506.438349:[18324.  -688.  2372.]
1
1545899506.4994822:[18208.  -540.  2388.]
1
1545899506.564847:[18216.  -656.  2404.]
1
1545899506.6263628:[18264.  -636.  2488.]
1
1545899506.687819:[18248.  -628.  2464.]
1
1545899506.7493591:[18216.  -628.  2404.]
1
1545899506.814677:[18280.  -648.  2432.]
1
1545899506.8761148:[18196.  -620.  2476.]
1
1545899506.9375858:[18172.  -492.  2384.]
1
1545899506.99902:[18288.  -636.  2356.]
1
1545899507.064546:[18180.  -640.  2508.]
1
1545899507.1260722:[18232.  -564.  2416.]
1
1545899507.1876879:[18212.  -656.  2524.]
1
1545899507.249075:[18152.  -612.  2272.]
1
1545899507.314364:[18204.  -580.  2504.]
1
1545899507.375864:[18336.  -604.  2276.]
1
1545899507.437302:[18400.  -568.  2484.]
1
1545899507.4987588:[18276.  -648.  2328.]
1
1545899507.564266:[18296.  -640.  2516.]
1
1545899507.625772:[18260.  -628.  2596.]
1
1545899507.687561:[18196.  -640.  2484.]
1
1545899507.748638:[18296.  -560.  2260.]
1
1545899507.814093:[18284.  -636.  2428.]
1
1545899507.875732:[18208.  -568.  2528.]
1
1545899507.937037:[18248.  -568.  2516.]
1
1545899507.998469:[18264.  -552.  2424.]
1
1545899508.064009:[18308.  -596.  2428.]
1
1545899508.1254022:[18228.  -580.  2432.]
1
1545899508.186835:[18276.  -616.  2400.]
1
1545899508.248269:[17892.  -756.  2904.]
1
1545899508.313808:[18292.  -804.  2204.]
1
1545899508.375254:[18368.  -584.  2332.]
1
1545899508.436841:[18232.  -676.  2524.]
1
1545899508.5022662:[17740. -1112.  2428.]
1
1545899508.563657:[18316.  -576.  2728.]
1
1545899508.62512:[18272.  -636.  2384.]
1
1545899508.6867268:[18236.  -656.  2252.]
1
1545899508.7480152:[18260.  -664.  2140.]
1
1545899508.8134:[18140.  -572.  2472.]
1
1545899508.87496:[18044.  -988.  2940.]
1
1545899508.9363441:[18680.  -720.  -448.]
1
1545899508.9977632:[17372.  -100.  3860.]
1
1545899509.059228:[17188.   388.  1028.]
1
1545899509.120686:[18044.   172.   860.]
1
1545899509.186201:[17892. -1272.  1616.]
1
1545899509.251651:[17096. -1496.  1540.]
1
1545899509.313188:[21640. -2948. -3480.]
1
1545899509.374627:[17556.  -932. -2132.]
1
1545899509.440141:[17296. -1336. -1804.]
1
1545899509.501589:[17488. -1112. -2012.]
1
1545899509.563071:[17568. -1216. -2016.]
1
1545899509.624545:[17452. -1104. -1988.]
1
1545899509.6901429:[17604. -1236. -1984.]
1
1545899509.751408:[17556. -1052. -2084.]
1
1545899509.812942:[17524. -1240. -2088.]
1
1545899509.87838:[17572. -1084. -2104.]
1
1545899509.939811:[17576. -1100. -1988.]
1
1545899510.001321:[17532. -1156. -2052.]
1
1545899510.062753:[17544. -1092. -2044.]
1
1545899510.1282392:[17480. -1096. -2136.]
1
1545899510.189696:[17664. -1192. -2200.]
1
1545899510.251175:[17524. -1128. -2188.]
1
1545899510.312611:[17592. -1052. -2092.]
1
1545899510.378082:[17464. -1068. -2052.]
1
1545899510.439544:[17504. -1224. -2056.]
1
1545899510.500986:[17508. -1132. -2132.]
1
1545899510.562557:[17452. -1092. -2088.]
1
1545899510.627968:[17456. -1196. -2060.]
1
1545899510.6895459:[17488. -1188. -2028.]
1
1545899510.750849:[17628. -1184. -2148.]
1
1545899510.812294:[17576.  -992. -2204.]
1
1545899510.877748:[17484. -1104. -2112.]
1
1545899510.939284:[17640. -1120. -2168.]
1
1545899511.000673:[17472. -1120. -1912.]
1
1545899511.066218:[17516. -1164. -1952.]
1
1545899511.1276412:[17564. -1104. -2000.]
1
1545899511.189095:[17448. -1100. -2120.]
1
1545899511.250556:[17440. -1144. -2024.]
1
1545899511.316023:[17632. -1108. -2124.]
1
1545899511.377502:[17676. -1124. -1940.]
1
1545899511.4389162:[17476. -1160. -1980.]
1
1545899511.5003881:[17520. -1064. -2088.]
1
1545899511.565877:[17580. -1220. -2084.]
1
1545899511.628829:[17600. -1152. -2024.]
1
1545899511.689402:[17620. -1060. -2088.]
1
1545899511.750228:[17456. -1092. -2092.]
1
1545899511.81571:[17556. -1160. -2012.]
1
1545899511.877213:[17416. -1260. -2020.]
1
1545899511.939456:[17472. -1268. -2044.]
1
1545899512.000117:[17548. -1120. -2048.]
1
1545899512.0656939:[17552. -1108. -2120.]
1
1545899512.127001:[17440. -1192. -2072.]
1
1545899512.188982:[17484. -1084. -2064.]
1
1545899512.249963:[17616. -1104. -2068.]
1
1545899512.3154502:[17656. -1144. -1960.]
1
1545899512.377014:[17492. -1088. -2120.]
1
1545899512.438368:[17460. -1080. -2052.]
1
1545899512.503888:[17420. -1148. -2064.]
1
1545899512.566079:[17392. -1136. -2072.]
1
1545899512.626796:[17548. -1144. -2184.]
1
1545899512.6882439:[17596. -1208. -2084.]
1
1545899512.753721:[17552. -1056. -2172.]
1
1545899512.81516:[17484. -1152. -2040.]
1
1545899512.876638:[17464. -1076. -2092.]
1
1545899512.9380171:[17504. -1160. -2008.]
1
1545899513.003506:[17524. -1020. -2048.]
1
1545899513.064964:[17512. -1124. -2024.]
1
1545899513.126365:[17532. -1112. -1972.]
1
1545899513.187965:[17532. -1084. -2068.]
1
1545899513.253346:[17652. -1124. -2012.]
1
1545899513.314803:[17584. -1164. -2112.]
1
1545899513.3762481:[17584. -1104. -2128.]
1
1545899513.4382038:[17540. -1140. -2124.]
1
1545899513.5031838:[17488. -1100. -2076.]
1
1545899513.564666:[17540. -1084. -2084.]
1
1545899513.6261382:[17512. -1160. -2100.]
1
1545899513.691808:[17508. -1052. -2040.]
1
1545899513.753061:[17488. -1092. -2192.]
1
1545899513.814555:[17512. -1124. -2056.]
1
1545899513.8760169:[17484. -1048. -1868.]
1
1545899513.941473:[17508. -1080. -2056.]
1
1545899514.00294:[17488.  -984. -1952.]
1
1545899514.0643551:[17340.  -460. -2248.]
1
1545899514.125916:[17740.  -916. -2708.]
1
1545899514.191295:[17828. -1628. -2684.]
1
1545899514.25282:[17500. -1096. -1824.]
1
1545899514.314213:[17444. -1284. -1260.]
1
1545899514.3756769:[17088. -1132. -1272.]
1
1545899514.441198:[17440. -1036. -1820.]
1
1545899514.502662:[17388. -1148. -2208.]
1
1545899514.5640588:[18064.  -956. -1600.]
1
1545899514.625567:[17788.  -844. -1036.]
1
1545899514.687005:[16008. -1852.  -524.]
1
1545899514.752469:[18496.  -752. -1296.]
1
1545899514.813913:[18628. -1460. -1480.]
1
1545899514.875463:[19596. -2528.  -720.]
1
1545899514.936812:[15328.   876.  2288.]
1
1545899514.998196:[17720.   -20.  1560.]
1
1545899515.0596411:[17556.   -88.  2512.]
1
1545899515.1252081:[18148.  -616.  2304.]
1
1545899515.186762:[18336.  -964.  1748.]
1
1545899515.2521632:[14524. -2584.  1488.]
1
1545899515.3094668:[18756.  -668.   144.]
1
1545899515.375065:[18192.  -252. -2804.]
1
1545899515.4405499:[17664. -1364. -2796.]
1
1545899515.5020642:[17256.  -828. -1600.]
1
1545899515.559364:[17124.  -948.   756.]
1
1545899515.625086:[17508. -1056.  -316.]
1
1545899515.687074:[17564. -1316.  -128.]
1
1545899515.747766:[17536. -1332.   384.]
1
1545899515.809255:[18216.  2968.   480.]
1
1545899515.87505:[19660. -1164.  2464.]
1
1545899515.936309:[15552. -1512.  1576.]
1
1545899515.997597:[17304.     0.  2632.]
1
1545899516.06312:[18376.  -636.  2768.]
1
1545899516.124588:[20080.  -856.  1656.]
1
1545899516.1860359:[18728.  -616.  2848.]
1
1545899516.251586:[15948. -1260.  3276.]
1
1545899516.3129349:[16884.  -740.  3448.]
1
1545899516.37446:[17980. -1236.  2116.]
1
1545899516.435903:[18312.  -880.  1912.]
1
1545899516.497303:[17472.  1284.  3584.]
1
1545899516.562824:[20628. -1576.  2568.]
1
1545899516.6243079:[20492. -1008.  4236.]
1
1545899516.6857338:[14956.   360.  6824.]
1
1545899516.747181:[17300.  -208.  3620.]
1
1545899516.812727:[20808.  -992.  1024.]
1
1545899516.874135:[18140.  -648.  3056.]
1
1545899516.935762:[17712.  -416.  3312.]
1
1545899516.996968:[18424.  -492.  2444.]
1
1545899517.0624619:[18268.  -900.  2332.]
1
1545899517.123913:[18372.  -676.  2504.]
1
1545899517.185453:[18284.  -788.  2736.]
1
1545899517.2468019:[18252.  -840.  2824.]
1
1545899517.312342:[18164.  -552.  2724.]
1
1545899517.373837:[18328.  -488.  2764.]
1
1545899517.435626:[18248.  -728.  2604.]
1
1545899517.496634:[18392.  -384.  2412.]
1
1545899517.5621471:[18172.  -912.  2472.]
1
1545899517.623678:[18152.  -556.  2584.]
1
1545899517.685477:[17940.  -672.  2660.]
1
1545899517.7465181:[17652.  -444.  2792.]
1
1545899517.811994:[18716.  -124.  2232.]
1
1545899517.874306:[18152.   324.  3296.]
1
1545899517.936437:[15644. -1884.  3088.]
1
1545899518.000465:[16556. -1148.  5972.]
1
1545899518.061889:[18988.  -244.  3256.]
1
1545899518.123392:[18272. -1320.  3672.]
1
1545899518.188916:[19916. -1100.  6008.]
1
1545899518.246252:[18064.    60.  3852.]
1
1545899518.311748:[18804.   664.  3928.]
1
1545899518.373208:[17912.  -952.  3744.]
1
1545899518.434707:[18216.  -464.  3532.]
1
1545899518.5001779:[18224.  -576.  3304.]
1
1545899518.561774:[18340.  -632.  3492.]
1
1545899518.623094:[19296.   260.  2288.]
1
1545899518.684505:[18460.  -676.  3292.]
1
1545899518.750009:[18128. -1096.  3584.]
1
1545899518.8114738:[18280.  -748.  3732.]
1
1545899518.8729541:[18056.  -824.  3568.]
1
1545899518.934565:[18444.   204.  1128.]
1
1545899518.999894:[18572.  -212.  3016.]
1
1545899519.0612428:[19856. -3408.  7196.]
1
1545899519.122679:[18216.  -936.  3576.]
1
1545899519.184648:[18408.  -852.  3764.]
1
1545899519.249611:[18252.  -424.  3504.]
1
1545899519.311109:[18248.  -716.  3116.]
1
1545899519.3766131:[27704. -2412. -4724.]
1
1545899519.4340632:[15652.  -700.   892.]
1
1545899519.4995909:[15704. -5428. 10600.]
1
1545899519.561028:[18356.  -864.  4132.]
1
1545899519.622533:[18260.  -664.  3344.]
1
1545899519.684681:[18296.  -840.  3536.]
1
1545899519.7493749:[18268.  -544.  3888.]
1
1545899519.8107781:[18892.  -840.  3352.]
1
1545899519.87231:[18200.  -352.  3924.]
1
1545899519.9379:[17708. -1008.  7048.]
1
1545899519.9992168:[18140.  -640.  4432.]
1
1545899520.060666:[18200.  -540.  4244.]
1
1545899520.122095:[18052.  -476.  4236.]
1
1545899520.183709:[18424.  -592.  4268.]
1
1545899520.249061:[18096.  -576.  4364.]
1
1545899520.310594:[18124.  -480.  4152.]
1
1545899520.372055:[18068.  -540.  4212.]
1
1545899520.433435:[18240.  -624.  4392.]
1
1545899520.498904:[18228.  -576.  4236.]
0
1545899520.560399:[18196.  -564.  4424.]
1
1545899520.621838:[18196.  -428.  4408.]
1
1545899520.6833239:[18228.  -464.  4244.]
1
1545899520.748825:[18208.  -592.  4192.]
1
1545899520.810262:[18176.  -520.  4052.]
1
1545899520.871691:[18116.  -568.  4196.]
1
1545899520.9331589:[18108.  -512.  4200.]
1
1545899520.998671:[18264.  -560.  4400.]
1
1545899521.060181:[18252.  -512.  4136.]
1
1545899521.121504:[18264.  -452.  4220.]
1
1545899521.182975:[18076.  -516.  4304.]
1
1545899521.248542:[18260.  -632.  4352.]
1
1545899521.3098571:[18296.  -532.  4276.]
1
1545899521.3713138:[18380.  -556.  4160.]
1
1545899521.433009:[18152.  -496.  4404.]
1
1545899521.498231:[18236.  -508.  4144.]
1
1545899521.559712:[18232.  -544.  4196.]
1
1545899521.621207:[18208.  -556.  4384.]
1
1545899521.6831:[18216.  -532.  4280.]
1
1545899521.748181:[18288.  -440.  4160.]
1
1545899521.809553:[18184.  -584.  4204.]
1
1545899521.871095:[18196.  -516.  4396.]
1
1545899521.932512:[18236.  -532.  4340.]
1
1545899521.997975:[18172.  -532.  4272.]
1
1545899522.059457:[18212.  -600.  4276.]
1
1545899522.1210198:[18248.  -560.  4292.]
1
1545899522.182388:[18348.  -532.  4272.]
1
1545899522.247807:[18268.  -508.  4160.]
1
1545899522.3093178:[18028.  -528.  4232.]
1
1545899522.370788:[18188.  -580.  4224.]
1
1545899522.432255:[18320.  -524.  4436.]
1
1545899522.497689:[18240.  -552.  4440.]
1
1545899522.5591831:[18208.  -584.  4264.]
1
1545899522.6206248:[18180.  -536.  4304.]
1
1545899522.6820748:[18140.  -592.  4264.]
1
1545899522.747552:[18044.  -452.  4292.]
1
1545899522.8090081:[18288.  -444.  4240.]
1
1545899522.870582:[18244.  -492.  4344.]
1
1545899522.931895:[18336.  -592.  4324.]
1
1545899522.9974232:[18172.  -464.  4264.]
1
1545899523.058848:[18108.  -492.  4264.]
1
1545899523.120325:[18208.  -540.  4180.]
1
1545899523.1817138:[18188.  -552.  4324.]
1
1545899523.247148:[18112.  -508.  4256.]
1
1545899523.308701:[18224.  -528.  4300.]
1
1545899523.370347:[18192.  -532.  4224.]
1
1545899523.431634:[18152.  -488.  4316.]
1
1545899523.497002:[18196.  -624.  4184.]
1
1545899523.558555:[18108.  -568.  4236.]
1
1545899523.620082:[18176.  -632.  4300.]
1
1545899523.681837:[18144.  -528.  4208.]
1
1545899523.7468538:[18220.  -508.  4216.]
1
1545899523.808426:[18272.  -520.  4320.]
1
1545899523.869865:[18200.  -384.  4284.]
1
1545899523.931534:[18244.  -632.  4348.]
1
1545899523.9967349:[18268.  -468.  4152.]
1
1545899524.0582452:[18264.  -596.  4172.]
1
1545899524.119719:[18216.  -340.  3940.]
1
1545899524.181134:[18196.  -624.  4188.]
1
1545899524.2466109:[18100.  -584.  4372.]
1
1545899524.308068:[18392.  -540.  4156.]
1
1545899524.369534:[18240.  -444.  4184.]
1
1545899524.43112:[18176.  -616.  4180.]
1
1545899524.49645:[18200.  -552.  4252.]
1
1545899524.557941:[18224.  -496.  4280.]
1
1545899524.619401:[18116.  -472.  4220.]
1
1545899524.680831:[18140.  -544.  4284.]
1
1545899524.7463648:[18276.  -616.  4204.]
1
1545899524.807769:[18236.  -520.  4324.]
1
1545899524.869341:[18200.  -448.  4328.]
1
1545899524.930677:[18156.  -456.  4232.]
1
1545899524.996159:[18228.  -520.  4300.]
1
1545899525.057636:[18200.  -496.  4228.]
1
1545899525.119148:[18180.  -472.  4392.]
1
1545899525.180547:[18164.  -452.  4268.]
1
1545899525.24594:[18160.  -536.  4256.]
1
1545899525.3074691:[18272.  -540.  4304.]
1
1545899525.3689768:[18228.  -472.  4240.]
1
1545899525.430954:[18348.  -608.  4368.]
1
1545899525.495821:[18144.  -636.  4292.]
1
1545899525.557379:[18160.  -464.  4296.]
1
1545899525.618735:[18140.  -564.  4268.]
1
1545899525.680327:[18272.  -644.  4260.]
1
1545899525.7456472:[18176.  -516.  4220.]
1
1545899525.807174:[18072.  -620.  4224.]
1
1545899525.8686159:[18252.  -628.  4356.]
1
1545899525.93012:[18212.  -520.  4212.]
1
1545899525.995518:[18300.  -608.  4328.]
1
1545899526.057051:[18264.  -596.  4152.]
1
1545899526.118463:[18020.  -600.  4116.]
1
1545899526.180416:[18256.  -468.  4308.]
1
1545899526.245353:[18312.  -404.  4340.]
1
1545899526.306887:[18076.  -520.  4296.]
1
1545899526.368457:[18256.  -560.  4228.]
1
1545899526.4297159:[18240.  -536.  4120.]
1
1545899526.495311:[18292.  -524.  4220.]
1
1545899526.5567412:[18176.  -704.  4212.]
1
1545899526.6182132:[18268.  -592.  4144.]
1
1545899526.6796958:[18220.  -548.  4168.]
1
1545899526.74513:[18212.  -476.  4348.]
1
1545899526.8065522:[18128.  -492.  4104.]
1
1545899526.868052:[18172.  -580.  4376.]
1
1545899526.929497:[18224.  -392.  4132.]
1
1545899526.994947:[18284.  -552.  4316.]
1
1545899527.05641:[18188.  -552.  4288.]
1
1545899527.1179242:[18260.  -404.  4208.]
1
1545899527.179391:[18168.  -568.  4268.]
1
1545899527.2448452:[18288.  -508.  4288.]
1
1545899527.3062541:[18128.  -508.  4252.]
1
1545899527.367677:[18188.  -544.  4252.]
1
1545899527.4291131:[18092.  -588.  4212.]
1
1545899527.494572:[18272.  -440.  4424.]
1
1545899527.556263:[18236.  -496.  4332.]
1
1545899527.617953:[18148.  -532.  4188.]
1
1545899527.679123:[18168.  -604.  4276.]
1
1545899527.744478:[18252.  -472.  4272.]
1
1545899527.8059719:[18236.  -436.  4232.]
1
1545899527.86741:[18272.  -548.  4252.]
1
1545899527.92912:[18140.  -544.  4200.]
1
1545899527.9943008:[18232.  -648.  4396.]
1
1545899528.0557508:[18200.  -436.  4216.]
1
1545899528.117266:[18228.  -484.  4304.]
1
1545899528.178925:[18232.  -540.  4324.]
1
1545899528.244151:[18184.  -496.  4244.]
1
1545899528.3057:[18228.  -576.  4276.]
1
1545899528.367069:[18208.  -476.  4100.]
1
1545899528.42854:[18280.  -576.  4316.]
1
1545899528.494009:[18252.  -668.  4276.]
1
1545899528.5554812:[18268.  -480.  4384.]
1
1545899528.616928:[18200.  -532.  4160.]
1
1545899528.678656:[18112.  -472.  4260.]
1
1545899528.743876:[18176.  -500.  4344.]
1
1545899528.805364:[18228.  -480.  4320.]
1
1545899528.8668082:[18292.  -576.  4160.]
1
1545899528.9282858:[18236.  -576.  4260.]
1
1545899528.9937348:[18240.  -576.  4104.]
1
1545899529.055222:[18136.  -508.  4100.]
1
1545899529.1166878:[18216.  -452.  4240.]
1
1545899529.178277:[18220.  -556.  4232.]
1
1545899529.2436008:[18248.  -564.  4292.]
1
1545899529.305058:[18244.  -604.  4296.]
1
1545899529.366462:[18156.  -488.  4188.]
1
1545899529.4280179:[18188.  -476.  4188.]
1
1545899529.49332:[18324.  -560.  4280.]
1
1545899529.554842:[18308.  -476.  4180.]
1
1545899529.6166809:[18196.  -580.  4340.]
1
1545899529.678438:[18180.  -540.  4140.]
1
1545899529.743168:[18252.  -660.  4248.]
1
1545899529.804689:[18204.  -552.  4368.]
1
1545899529.867695:[18288.  -508.  4376.]
1
1545899529.9282:[18088.  -548.  4340.]
1
1545899529.993034:[18240.  -512.  4356.]
1
1545899530.054506:[18204.  -556.  4272.]
1
1545899530.115965:[18280.  -564.  4220.]
1
1545899530.177411:[18184.  -512.  4120.]
1
1545899530.242913:[18240.  -564.  4312.]
1
1545899530.304561:[18188.  -452.  4232.]
1
1545899530.365833:[18368.  -592.  4172.]
1
1545899530.4272482:[18180.  -540.  4304.]
1
1545899530.49279:[18192.  -488.  4132.]
1
1545899530.554234:[18076.  -492.  4396.]
1
1545899530.615689:[18260.  -532.  4380.]
1
1545899530.677212:[18152.  -456.  4312.]
1
1545899530.742628:[18248.  -440.  4300.]
1
1545899530.804214:[18244.  -512.  4152.]
1
1545899530.865519:[18224.  -476.  4292.]
1
1545899530.926996:[18240.  -524.  4348.]
1
1545899530.992507:[18188.  -628.  4316.]
1
1545899531.053969:[18160.  -520.  4380.]
1
1545899531.1153889:[18132.  -560.  4348.]
1
1545899531.17699:[18144.  -516.  4096.]
1
1545899531.2423198:[18248.  -576.  4180.]
1
1545899531.303849:[18228.  -500.  4332.]
1
1545899531.365176:[18172.  -440.  4304.]
1
1545899531.42732:[18212.  -664.  4128.]
1
1545899531.492077:[18176.  -484.  4312.]
1
1545899531.55358:[18220.  -616.  4348.]
1
1545899531.615092:[18256.  -492.  4312.]
1
1545899531.676608:[18216.  -632.  4088.]
1
1545899531.742037:[18128.  -440.  4348.]
1
1545899531.8034828:[18188.  -584.  4340.]
1
1545899531.865232:[18128.  -508.  4220.]
1
1545899531.92681:[18148.  -468.  4328.]
1
1545899531.991853:[18216.  -552.  4464.]
1
1545899532.0532732:[18284.  -564.  4316.]
1
1545899532.11473:[18240.  -504.  4384.]
1
1545899532.1764228:[18224.  -596.  4072.]
1
1545899532.2416792:[18192.  -600.  4296.]
1
1545899532.3031948:[18384.  -532.  4232.]
1
1545899532.364604:[18256.  -544.  4268.]
1
1545899532.426213:[18208.  -604.  4296.]
1
1545899532.4915252:[18296.  -544.  4140.]
1
1545899532.553099:[18188.  -576.  4248.]
1
1545899532.614444:[18172.  -560.  4140.]
1
1545899532.675909:[18236.  -612.  4304.]
1
1545899532.7414541:[18248.  -500.  4264.]
1
1545899532.8028219:[18208.  -568.  4212.]
1
1545899532.864304:[18180.  -496.  4348.]
1
1545899532.9258292:[18316.  -528.  4248.]
1
1545899532.991245:[18240.  -572.  4356.]
1
1545899533.052724:[18216.  -444.  4232.]
1
1545899533.114144:[18248.  -624.  4060.]
1
1545899533.1756968:[18240.  -548.  4288.]
1
1545899533.241258:[18212.  -428.  4304.]
1
1545899533.302557:[18248.  -552.  4220.]
1
1545899533.364105:[18216.  -540.  4140.]
1
1545899533.425479:[18216.  -564.  4268.]
1
1545899533.4909382:[18228.  -568.  4232.]
1
1545899533.5523782:[18144.  -600.  4244.]
1
1545899533.6139781:[18048.  -648.  4336.]
1
1545899533.675477:[18168.  -508.  4396.]
1
1545899533.740746:[18196.  -468.  4240.]
1
1545899533.802197:[18268.  -500.  4092.]
1
1545899533.86414:[18260.  -500.  4260.]
1
1545899533.925278:[18144.  -560.  4332.]
1
1545899533.990635:[18140.  -596.  4252.]
1
1545899534.052062:[18180.  -568.  4324.]
1
1545899534.113603:[18180.  -508.  4328.]
1
1545899534.175039:[18184.  -544.  4316.]
1
1545899534.240494:[18208.  -560.  4244.]
1
1545899534.3019562:[18220.  -536.  4212.]
1
1545899534.3633978:[18168.  -444.  4260.]
1
1545899534.425108:[18100.  -544.  4268.]
1
1545899534.4903529:[18212.  -544.  4372.]
1
1545899534.5518231:[18180.  -512.  4092.]
1
1545899534.613277:[18192.  -404.  4160.]
1
1545899534.675023:[18244.  -648.  4268.]
1
1545899534.740176:[18204.  -632.  4108.]
1
1545899534.8016589:[18196.  -520.  4320.]
1
1545899534.8630762:[18352.  -552.  4228.]
1
1545899534.924835:[18076.  -580.  4352.]
1
1545899534.989998:[18260.  -492.  4324.]
1
1545899535.0514932:[18240.  -532.  4196.]
1
1545899535.112968:[18300.  -572.  4284.]
1
1545899535.174576:[18272.  -544.  4276.]
1
1545899535.239958:[18372.  -512.  4132.]
1
1545899535.301363:[18256.  -520.  4340.]
1
1545899535.3630028:[18304.  -532.  4316.]
1
1545899535.424418:[18204.  -568.  4156.]
1
1545899535.489651:[18092.  -604.  4260.]
1
