1546233506.807831:[16188.  1752. -4892.]
 
1546233506.8734488:[16284.  2012. -5012.]
 
1546233506.934606:[16468.  1748. -4476.]
 
1546233506.996324:[16688.  1312. -5000.]
clockwise
1546233507.057547:[16584.  1568. -5044.]
clockwise
1546233507.123137:[16520.  1516. -4492.]
clockwise
1546233507.184583:[16112.  1904. -4472.]
clockwise
1546233507.2460318:[16548.  1612. -4212.]
clockwise
1546233507.307574:[16420.  1604. -4544.]
clockwise
1546233507.3730712:[16424.  1692. -4624.]
clockwise
1546233507.434477:[16712.  1352. -4192.]
clockwise
1546233507.4958541:[16620.  1460. -4280.]
clockwise
1546233507.55725:[16452.  1704. -4772.]
clockwise
1546233507.622823:[16448.  1548. -4256.]
clockwise
1546233507.6843321:[16344.  1688. -4284.]
clockwise
1546233507.7457678:[16468.  1564. -4236.]
clockwise
1546233507.807186:[16416.  1664. -4400.]
clockwise
1546233507.872737:[16500.  1568. -4756.]
clockwise
1546233507.934027:[16212.  1924. -4508.]
clockwise
1546233507.995477:[16568.  1592. -4428.]
clockwise
1546233508.057003:[16584.  1584. -4484.]
clockwise
1546233508.1223512:[16772.  1564. -4464.]
 
1546233508.183817:[16516.  2016. -4300.]
 
1546233508.245344:[16364.  1940. -4280.]
 
1546233508.310787:[16464.  1380. -4300.]
 
1546233508.372177:[16580.  1412. -4156.]
 
1546233508.433779:[16576.  1384. -4424.]
 
1546233508.4952059:[16672.  1300. -4328.]
 
1546233508.560818:[16652.  1500. -3700.]
 
1546233508.6221418:[16556.  1456. -3988.]
 
1546233508.6836019:[16404.  1168. -5336.]
 
1546233508.745106:[16096.  1412. -4404.]
 
1546233508.806677:[16852.   636. -4200.]
 
1546233508.872233:[16736.   600. -5256.]
 
1546233508.9333901:[16604.   348. -4828.]
 
1546233508.994984:[16876.   292. -4096.]
 
1546233509.056542:[16664.   120. -4668.]
 
1546233509.122039:[16000.   600. -5244.]
 
1546233509.183392:[16220.   848. -5472.]
 
1546233509.244792:[16440.   812. -5508.]
 
1546233509.306397:[16468.   852. -4112.]
 
1546233509.3717499:[16956.   168. -3924.]
 
1546233509.433322:[16672.   708. -4124.]
 
1546233509.494785:[16464.   764. -4756.]
 
1546233509.556101:[16552.   708. -3980.]
 
1546233509.621495:[16744.   676. -3932.]
 
1546233509.683101:[16948.    44. -3832.]
 
1546233509.74455:[17016.  -296. -3720.]
 
1546233509.805995:[16716.   648. -3592.]
 
1546233509.871404:[16844.   540. -4208.]
 
1546233509.9327161:[16636.   300. -3852.]
 
1546233509.9942772:[16844.   248. -3956.]
 
1546233510.05583:[16576.   540. -4208.]
 
1546233510.121223:[16516.   544. -3952.]
 
1546233510.1826031:[16716.   468. -4500.]
 
1546233510.244181:[16684.   292. -4960.]
 
1546233510.3056939:[16320.   108. -4440.]
 
1546233510.3711228:[16600.   300. -4604.]
 
1546233510.4326432:[16740.   288. -4772.]
 
1546233510.494069:[16556.   432. -4788.]
 
1546233510.5554829:[16856.   184. -4248.]
 
1546233510.620831:[16648.   316. -4508.]
 
1546233510.682375:[16484.   368. -4524.]
 
1546233510.743882:[16456.   388. -4300.]
 
1546233510.805192:[16700.   408. -4152.]
 
1546233510.870778:[16592.   256. -4560.]
 
1546233510.932162:[16792.   208. -3968.]
 
1546233510.993653:[16640.   352. -4412.]
 
1546233511.055111:[16708.   360. -3908.]
 
1546233511.116632:[16948.     0. -3812.]
 
1546233511.1821172:[16968.    84. -3156.]
 
1546233511.243551:[16416.   136. -4536.]
 
1546233511.309053:[15884.  -384. -6104.]
 
1546233511.370676:[15736.  -196. -6216.]
 
1546233511.432176:[16256.  -164. -5356.]
 
1546233511.493485:[16168.   148. -5416.]
 
1546233511.554878:[16028.   100. -5604.]
 
1546233511.620244:[16184.  -124. -5532.]
 
1546233511.681848:[16272.  -120. -5424.]
 
1546233511.743299:[16416.  -416. -5048.]
 
1546233511.8046532:[16480.   -40. -4776.]
 
1546233511.870121:[16008.   144. -5392.]
 
1546233511.931465:[ 1.5932e+04 -4.0000e+00 -6.3400e+03]
 
1546233511.993005:[16292.   108. -4532.]
 
1546233512.0585542:[16444.  -168. -4484.]
 
1546233512.119979:[16352.   144. -4384.]
 
1546233512.181602:[16308.  -248. -5748.]
 
1546233512.243005:[ 1.5876e+04  8.0000e+00 -6.1560e+03]
 
1546233512.304269:[16212.   368. -4784.]
 
1546233512.369938:[15956.   228. -5560.]
 
1546233512.43135:[16600.   -32. -4200.]
 
1546233512.492785:[16080.  -152. -5948.]
 
1546233512.554123:[16104.    96. -4596.]
 
1546233512.6160069:[16300.   180. -4952.]
 
1546233512.681141:[16136.   -60. -5576.]
 
1546233512.742614:[16204.   132. -5520.]
 
1546233512.804211:[16200.   188. -5260.]
 
1546233512.865508:[ 1.6228e+04  1.2000e+01 -5.0320e+03]
 
1546233512.930946:[16392.   220. -5152.]
 
1546233512.9923918:[16560.   108. -4612.]
 
1546233513.05392:[16444.   140. -4872.]
 
1546233513.119379:[16536.  -132. -4812.]
 
1546233513.180882:[16404.  -312. -5272.]
 
1546233513.242392:[17048. -1140. -4376.]
 
1546233513.303898:[17220.   236. -1304.]
 
1546233513.365231:[17616.   548.  1296.]
 
1546233513.4308422:[17980.  -200. -2492.]
 
1546233513.492239:[18780.   232. -2300.]
 
1546233513.553579:[18428.   216. -1788.]
 
1546233513.615208:[17244.   688.    24.]
 
1546233513.681241:[17048.  1344.  1080.]
 
1546233513.7420192:[17644.  1424.   344.]
 
1546233513.8033369:[17968.   816.   -84.]
 
1546233513.8649101:[17968.  1000.  -684.]
 
1546233513.930254:[18292. -1428. -2156.]
 
1546233513.987714:[17740.   344.   872.]
 
1546233514.053183:[17636.  1056.  -228.]
 
1546233514.1146822:[17868.   232.  -928.]
 
1546233514.1761541:[17656.   280.  -744.]
 
1546233514.241709:[17560.   620. -1728.]
 
1546233514.303227:[17388.   756. -1912.]
 
1546233514.3646731:[17680.   464. -1880.]
 
1546233514.430034:[17408.   908. -1096.]
 
1546233514.4916348:[17512.   348. -1988.]
 
1546233514.552921:[17212.   952. -2716.]
 
1546233514.6148071:[16772.   776. -1248.]
 
1546233514.6798568:[17836.   432. -3340.]
 
1546233514.741336:[17348.    64. -2960.]
 
1546233514.8029819:[17056.   904. -2040.]
 
1546233514.864387:[17900.    28. -1952.]
 
1546233514.925762:[17592.   -84.  -972.]
 
1546233514.991254:[15368.   580. -6568.]
 
1546233515.0526621:[15824.  -184. -6448.]
 
1546233515.114156:[16668.    56. -3508.]
 
1546233515.179917:[15868.   -28. -6164.]
 
1546233515.241129:[15728.   196. -6184.]
 
1546233515.3026419:[16448.    80. -4744.]
 
1546233515.364013:[16028.   436. -5056.]
 
1546233515.429526:[16312.   -80. -5680.]
 
1546233515.491174:[16360.  -120. -4844.]
 
1546233515.552413:[16064.   112. -5256.]
 
1546233515.6178272:[16316.  -124. -5172.]
 
1546233515.6799061:[ 1.6216e+04 -1.6000e+01 -5.3520e+03]
 
1546233515.740903:[16468.  -180. -4668.]
 
1546233515.802253:[16528.   -20. -4612.]
 
1546233515.86775:[16404.  -272. -5004.]
 
1546233515.929044:[16412.   248. -5096.]
 
1546233515.9905438:[16364.   496. -4512.]
 
1546233516.052006:[16712.  -172. -4456.]
 
1546233516.113835:[16500.   -76. -4852.]
 
1546233516.178901:[16308.   400. -5044.]
 
1546233516.240591:[16492.   420. -4772.]
 
1546233516.302031:[16448.   500. -4900.]
 
1546233516.363435:[16312.   368. -4876.]
 
1546233516.4290218:[16504.   144. -4816.]
 
1546233516.4904141:[16448.   208. -4796.]
 
1546233516.55175:[16460.   160. -4668.]
 
1546233516.613193:[16340.   576. -4664.]
 
1546233516.6786392:[16580.   172. -4588.]
 
1546233516.7400908:[16540.   484. -4740.]
 
1546233516.8015308:[16524.   216. -4636.]
 
1546233516.863047:[16612.   180. -4476.]
 
1546233516.92852:[16436.   148. -4788.]
 
1546233516.990108:[16392.   520. -4720.]
 
1546233517.0515351:[16560.   328. -4684.]
 
1546233517.11304:[16584.   216. -4512.]
 
1546233517.178476:[16488.   408. -4784.]
 
1546233517.2397609:[16400.   552. -4572.]
 
1546233517.301269:[16516.   288. -4688.]
 
1546233517.363122:[16544.   260. -4736.]
 
1546233517.428211:[16620.   196. -4796.]
 
1546233517.48979:[16440.   224. -4656.]
 
1546233517.5511072:[16356.   420. -5000.]
 
1546233517.612727:[16588.   104. -4608.]
 
1546233517.678136:[16568.   248. -4660.]
 
1546233517.7396622:[16592.    44. -4592.]
 
1546233517.8008618:[16564.   228. -4512.]
 
1546233517.862438:[16500.   204. -4704.]
 
1546233517.927884:[16572.   416. -4492.]
 
1546233517.9894311:[16372.   380. -4868.]
 
1546233518.0507362:[16568.   216. -4616.]
 
1546233518.112328:[16504.    40. -4684.]
 
1546233518.177717:[16548.   136. -4836.]
 
1546233518.239133:[16500.    96. -4596.]
 
1546233518.300742:[16620.   128. -4432.]
 
1546233518.3620758:[ 1.6676e+04  4.0000e+00 -4.5000e+03]
 
1546233518.427607:[16592.   -96. -4436.]
 
1546233518.489187:[16552.   -92. -4668.]
 
1546233518.5505762:[ 1.6688e+04  1.6000e+01 -4.4920e+03]
 
1546233518.6158679:[16756.  -248. -4552.]
 
1546233518.6732411:[16528.    36. -4596.]
 
1546233518.734743:[ 1.6604e+04  1.6000e+01 -4.4920e+03]
 
1546233518.8002088:[16500.    24. -4596.]
 
1546233518.861792:[16416.   132. -4792.]
 
1546233518.9231622:[16560.   220. -4752.]
 
1546233518.98467:[16500.    84. -4668.]
 
1546233519.0501618:[16508.   236. -4760.]
 
1546233519.1116621:[16556.    96. -4724.]
 
1546233519.173245:[16668.    84. -4516.]
 
1546233519.2385962:[16672.   112. -4620.]
 
1546233519.300034:[16564.   256. -4624.]
 
1546233519.36154:[16456.   208. -4612.]
 
1546233519.423051:[16588.   136. -4788.]
 
1546233519.4885929:[16600.   188. -4396.]
 
1546233519.5498781:[16468.   176. -4508.]
 
1546233519.611362:[16616.   444. -4764.]
 
1546233519.6726809:[16340.   532. -4808.]
 
1546233519.738389:[16524.   316. -4596.]
 
1546233519.7997031:[16456.   248. -4752.]
 
1546233519.861263:[16592.   176. -4596.]
 
1546233519.9227982:[16500.   228. -4828.]
 
1546233519.988112:[16464.   396. -4800.]
 
1546233520.0495691:[16704.    48. -4552.]
 
1546233520.111091:[16428.   172. -4600.]
 
1546233520.1725912:[16572.   156. -4688.]
 
1546233520.2380228:[16628.   248. -4852.]
 
1546233520.2995179:[16416.   220. -4828.]
 
1546233520.360918:[16420.   136. -4776.]
 
1546233520.4223309:[16480.   220. -4836.]
 
1546233520.487787:[16460.   376. -4720.]
 
1546233520.5492558:[16324.   444. -4648.]
 
1546233520.61067:[16684.   100. -4480.]
 
1546233520.672168:[16512.   244. -4776.]
 
1546233520.737613:[16584.   116. -4768.]
 
1546233520.799104:[16528.   224. -4396.]
 
1546233520.8606951:[16500.   168. -4696.]
 
1546233520.922163:[16508.   344. -4684.]
 
1546233520.98755:[16440.   244. -4528.]
 
1546233521.0489368:[16660.   220. -4544.]
 
1546233521.110378:[16548.   260. -4692.]
 
1546233521.171892:[16444.   176. -4724.]
 
1546233521.2374048:[16524.   376. -4812.]
 
1546233521.298829:[16436.   268. -4720.]
 
1546233521.3603241:[16720.    40. -4548.]
 
1546233521.4218152:[16448.   332. -4664.]
 
1546233521.487212:[16492.   344. -4792.]
 
1546233521.5486221:[16648.   376. -4740.]
 
1546233521.6101062:[16532.   216. -4860.]
 
1546233521.671639:[16472.   368. -4696.]
 
1546233521.737182:[16560.   308. -4740.]
 
1546233521.79866:[16608.   268. -4704.]
 
1546233521.85986:[16448.   296. -4780.]
 
1546233521.921539:[16580.    28. -4556.]
 
1546233521.986882:[16484.   404. -4592.]
 
1546233522.0482728:[16604.   164. -4308.]
 
1546233522.109768:[16320.   548. -5040.]
 
1546233522.171298:[16684.   136. -4384.]
 
1546233522.236681:[16592.   364. -4800.]
 
1546233522.298522:[16532.   280. -4696.]
 
1546233522.359679:[16460.   436. -4712.]
 
1546233522.42111:[16440.   312. -4732.]
 
1546233522.486642:[16508.   400. -4704.]
 
1546233522.5482419:[16456.   356. -4616.]
 
1546233522.6096342:[16616.   120. -4516.]
 
1546233522.670938:[16376.   404. -5000.]
 
1546233522.736332:[16508.   372. -4608.]
 
1546233522.7979782:[16484.   268. -4632.]
 
1546233522.859512:[16576.   244. -4684.]
 
1546233522.9207869:[16348.   764. -4424.]
 
1546233522.98633:[16388.   400. -5064.]
 
1546233523.047748:[16280.   380. -4760.]
 
1546233523.109211:[16544.   292. -4652.]
 
1546233523.170617:[16228.   444. -4984.]
 
1546233523.236057:[16512.   292. -4892.]
 
1546233523.29756:[16512.   372. -4784.]
 
1546233523.359217:[16520.   288. -4748.]
 
1546233523.4206662:[16460.   248. -4800.]
 
1546233523.486041:[16256.   536. -4716.]
 
1546233523.54739:[16672.   220. -4700.]
 
1546233523.609112:[16444.   516. -4648.]
 
1546233523.6703339:[16432.   284. -4712.]
 
1546233523.7358139:[16348.   440. -4764.]
 
1546233523.797289:[16352.   384. -4808.]
 
1546233523.858757:[16540.   368. -4544.]
 
1546233523.9201732:[16400.   360. -4856.]
 
1546233523.985758:[16436.   424. -4644.]
 
1546233524.0471559:[16628.   332. -4632.]
 
1546233524.10865:[16532.   368. -4672.]
 
1546233524.169972:[16556.   124. -4776.]
 
1546233524.235457:[16576.   356. -4756.]
 
1546233524.296921:[16488.   428. -4756.]
 
1546233524.3586218:[16548.   476. -4532.]
 
1546233524.419924:[16688.   268. -4688.]
 
1546233524.4853802:[16340.   428. -4916.]
 
1546233524.546775:[16492.   268. -4576.]
 
1546233524.608344:[16668.   536. -5128.]
 
1546233524.673676:[17456.  -384. -5320.]
 
1546233524.7352152:[16512.  -904. -2128.]
 
1546233524.796748:[16924.   756. -4264.]
 
1546233524.8582232:[17552.  -652. -4096.]
 
1546233524.919691:[17420.   -68. -3616.]
 
1546233524.985075:[17208.  -200. -3312.]
 
1546233525.046456:[16896.   -20. -3444.]
 
1546233525.108087:[16844.   184. -4152.]
 
1546233525.169564:[16464.   336. -3196.]
 
1546233525.234879:[16780.   560. -4028.]
 
1546233525.2963421:[17012.    44. -3820.]
 
1546233525.357888:[17244.  -340. -3700.]
 
1546233525.423423:[17352.  -232. -3264.]
 
1546233525.484763:[16896.  -256. -3632.]
 
1546233525.546332:[16960.  -112. -3364.]
 
1546233525.607629:[17260.  -292. -3800.]
 
1546233525.673016:[17140.  -236. -3248.]
 
1546233525.734626:[17132.   176. -3452.]
 
1546233525.7960289:[17296.   144. -3368.]
 
1546233525.857476:[16932.   112. -3444.]
 
1546233525.92321:[17316.  -372. -3004.]
 
1546233525.984283:[17016.  -160. -2940.]
 
1546233526.04575:[ 1.7024e+04  1.2000e+01 -3.3280e+03]
 
1546233526.107313:[17088.   428. -3236.]
 
1546233526.168823:[17328.   356. -3180.]
 
1546233526.2341938:[17336.   136. -3580.]
 
1546233526.2956421:[16936.   176. -2868.]
 
1546233526.357227:[17532.  -116. -2964.]
 
1546233526.4187362:[17148.   136. -3328.]
 
1546233526.4841049:[16976.   148. -3572.]
 
1546233526.545604:[16788.   516. -3732.]
 
1546233526.6070988:[16840.   872. -3692.]
 
1546233526.668501:[17376.   484. -4048.]
 
1546233526.7303889:[ 1.7344e+04  1.2000e+01 -3.7160e+03]
 
1546233526.795437:[17340.   600. -4068.]
 
1546233526.857002:[17348.   480. -3712.]
 
1546233526.918509:[17020.   148. -3416.]
 
1546233526.983737:[16416.   628. -2264.]
 
1546233527.045242:[16524.   956. -2596.]
 
1546233527.1069:[16952.  1132. -3572.]
 
1546233527.1681228:[17672.   320. -3296.]
 
1546233527.233651:[17128.   624. -2828.]
 
1546233527.295074:[16888.   884. -2264.]
 
1546233527.3567302:[17148.  1076. -2836.]
 
1546233527.418088:[17132.   956. -3276.]
 
1546233527.483604:[17968.   828. -2600.]
 
1546233527.5449338:[18220.   760. -3328.]
 
1546233527.606418:[16616.  1752. -3132.]
 
1546233527.671981:[16668.  1224. -3524.]
 
1546233527.7333498:[16664.  1484. -3492.]
 
1546233527.79478:[17168.  1188. -3380.]
 
1546233527.8561652:[17064.   916. -3112.]
 
1546233527.921854:[17088.  1292. -3420.]
 
1546233527.983148:[16804.  1456. -1988.]
 
1546233528.044551:[17156.  1232. -5928.]
 
1546233528.105943:[16692.   912. -2340.]
 
1546233528.171443:[16852.  1944. -4804.]
 
1546233528.2329679:[16876.  1660. -4132.]
 
1546233528.294514:[16440.  2676. -4488.]
 
1546233528.3601012:[16048.  2776. -3660.]
 
1546233528.421633:[15600.  3172. -4864.]
 
1546233528.48297:[16068.  2112. -4056.]
 
1546233528.544368:[15960.  1252. -3088.]
 
1546233528.610071:[16028.  2908. -3832.]
 
1546233528.671257:[16336.  3328. -5024.]
 
1546233528.732702:[16172.  3540. -7664.]
 
1546233528.7943811:[15220.  3364. -5008.]
 
1546233528.859842:[16308.  2008. -6200.]
 
1546233528.9212642:[13552.  3592. -4480.]
 
1546233528.982487:[14416.  2864. -4800.]
clockwise
1546233529.044113:[16440.  2772. -6720.]
clockwise
1546233529.1096199:[15544.  1168. -3624.]
clockwise
1546233529.171194:[ 17292.    412. -10332.]
clockwise
1546233529.2325802:[13788.  1828. -4276.]
clockwise
1546233529.293993:[16460.  1016. -9400.]
clockwise
1546233529.3595362:[14600.  1316. -3456.]
clockwise
1546233529.421053:[15200.  1588. -3836.]
clockwise
1546233529.482443:[16584.  1176. -5996.]
clockwise
1546233529.547796:[17708. -1292. -7680.]
clockwise
1546233529.609477:[15688.  -792. -6328.]
clockwise
1546233529.670528:[16868. -3696. -9444.]
clockwise
1546233529.7361732:[15396. -1108. -6108.]
clockwise
1546233529.797639:[13880.  -596. -4616.]
clockwise
1546233529.8589828:[15232. -2572. -6272.]
clockwise
1546233529.920568:[16180. -3208. -7132.]
clockwise
1546233529.986084:[14936. -1392. -4092.]
anticlockwise
1546233530.047411:[16360. -2656. -6012.]
anticlockwise
1546233530.109024:[16448. -1984. -6484.]
anticlockwise
1546233530.170453:[16380. -1668. -5360.]
anticlockwise
1546233530.235923:[17468. -1280. -5840.]
clockwise
1546233530.298146:[16852. -1408. -2892.]
clockwise
1546233530.358868:[16720. -1956. -6744.]
clockwise
1546233530.420249:[16944.  -996. -2660.]
clockwise
1546233530.485842:[16900. -1520. -3616.]
clockwise
1546233530.547286:[17272. -1408. -4704.]
clockwise
1546233530.6087859:[17184. -1828. -3900.]
clockwise
1546233530.6700191:[16684. -2100. -3980.]
clockwise
1546233530.735533:[17192. -1556. -4056.]
 
1546233530.797083:[19024. -1340. -2476.]
 
1546233530.858638:[17904. -2060. -3848.]
 
1546233530.920039:[17884. -1560.    44.]
 
1546233530.985558:[17760. -1288. -3052.]
 
1546233531.0468538:[17820. -1168. -1216.]
 
1546233531.108516:[17648. -1924. -1780.]
 
1546233531.169898:[17208.  -448. -1272.]
 
1546233531.235334:[17512. -2056. -1276.]
 
1546233531.296742:[17504. -1988. -1248.]
 
1546233531.358285:[17800. -1872. -1236.]
 
1546233531.423712:[17676. -1924. -1088.]
 
1546233531.485355:[17560. -2112. -1340.]
 
1546233531.546717:[17588. -2004. -1408.]
 
1546233531.608206:[17672. -1932. -1532.]
 
1546233531.673559:[17660. -2104. -1536.]
 
1546233531.734952:[17576. -1972. -1500.]
 
1546233531.796404:[17536. -2096. -1320.]
 
1546233531.858026:[17660. -1972. -1532.]
 
1546233531.923339:[17624. -1884. -1808.]
 
1546233531.984807:[17620. -1896. -1464.]
 
1546233532.04631:[17592. -1996. -1724.]
 
1546233532.107845:[17584. -2000. -1700.]
 
1546233532.1732092:[17632. -1824. -1432.]
 
1546233532.234766:[17544. -1936. -1552.]
 
1546233532.29616:[17696. -1896. -1556.]
 
1546233532.36166:[17636. -1936. -1520.]
 
1546233532.4232278:[17596. -2012. -1812.]
 
1546233532.484638:[17596. -1820. -1756.]
 
1546233532.545912:[17640. -1940. -1396.]
 
1546233532.6113632:[17564. -1864. -1460.]
 
1546233532.673034:[17576. -1800. -1628.]
 
1546233532.734473:[17572. -1848. -1580.]
 
1546233532.795943:[17632. -1856. -1516.]
 
1546233532.8613381:[17548. -1888. -1624.]
 
1546233532.9229782:[17720. -1980. -1768.]
 
1546233532.984326:[17544. -1736. -1868.]
 
1546233533.04577:[17536. -1828. -1676.]
 
1546233533.11118:[17596. -1808. -1824.]
 
1546233533.172596:[17588. -1828. -1520.]
 
1546233533.234196:[17560. -1760. -1628.]
 
1546233533.295609:[17560. -1864. -1620.]
 
1546233533.361119:[17616. -1864. -1604.]
 
1546233533.4226692:[17592. -1832. -1768.]
 
1546233533.483916:[17564. -1852. -1724.]
 
1546233533.5493991:[17592. -1820. -1604.]
 
1546233533.6108968:[17648. -1732. -1376.]
 
1546233533.6722949:[17568. -1716. -1764.]
 
1546233533.7336771:[17624. -1840. -1944.]
 
1546233533.799215:[17668. -1944. -2108.]
 
1546233533.8608031:[17700. -1804. -1784.]
 
1546233533.922069:[17524. -1864. -1880.]
 
1546233533.98365:[17480. -1736. -1792.]
 
1546233534.049044:[17780. -1876. -1700.]
 
1546233534.110558:[17524. -1692. -1760.]
 
1546233534.1719549:[17528. -1740. -1820.]
 
1546233534.233603:[17608. -1828. -1924.]
 
1546233534.2991629:[17532. -1644. -1880.]
 
1546233534.3605928:[17556. -1896. -1844.]
 
1546233534.4219398:[17584. -1664. -1860.]
 
1546233534.483354:[17416. -1568. -2040.]
 
1546233534.548797:[17504. -1688. -1868.]
 
1546233534.610414:[17480. -1452. -1788.]
 
1546233534.671675:[17564. -1484. -2036.]
 
1546233534.737232:[17588. -1740. -1764.]
 
1546233534.7986612:[17576. -1676. -1600.]
 
1546233534.8604648:[17640. -1788. -1904.]
 
1546233534.921737:[17480. -1620. -1584.]
 
1546233534.9870238:[17860. -1932. -2124.]
 
1546233535.0484521:[17680. -1816. -1276.]
 
1546233535.109888:[18712. -2140. -3520.]
 
1546233535.17127:[18344.   -84.  1180.]
 
1546233535.2369:[20700. -3720. -6372.]
 
1546233535.298342:[19740. -3228. -1388.]
 
1546233535.359709:[19448. -2024.  1024.]
 
1546233535.421196:[19472. -1324. -1996.]
 
1546233535.482647:[18540.   164.   632.]
 
1546233535.544203:[16296.  2936.  1944.]
 
1546233535.6096792:[13280.  3036.  7720.]
 
1546233535.6712441:[14560.  4944.  6708.]
clockwise
1546233535.7328131:[15080.  5952.  4020.]
clockwise
1546233535.794188:[16188.  6116.  2444.]
clockwise
1546233535.859508:[15824.  5196.  2544.]
clockwise
1546233535.920854:[17296.  3916.   724.]
clockwise
1546233535.982431:[15768.  6060.  4144.]
clockwise
1546233536.043743:[19072.  3916.  2052.]
clockwise
1546233536.109419:[19068.  3108.  5940.]
clockwise
1546233536.1708758:[17556.  4176.  3968.]
clockwise
1546233536.2322729:[19032.  2700.  4480.]
clockwise
1546233536.293689:[18156.  2792.  3360.]
clockwise
1546233536.3592541:[17436.  3144.  2792.]
clockwise
1546233536.420565:[18204.  2564.  3540.]
clockwise
1546233536.482333:[18476.  2660.  2192.]
clockwise
1546233536.5436459:[18352.  2640.  3956.]
clockwise
1546233536.6090539:[18228.  2860.  2372.]
clockwise
1546233536.670509:[17748.  2660.  2152.]
clockwise
1546233536.731939:[17652.  2672.  2980.]
clockwise
1546233536.797392:[18552.  2180.  1440.]
clockwise
1546233536.858952:[18296.  2500.  2536.]
clockwise
1546233536.920306:[18260.  2768.  1648.]
clockwise
1546233536.982235:[17536.  3016.  1684.]
anticlockwise
1546233537.047245:[17508.  3088.  1904.]
anticlockwise
1546233537.1088698:[17460.  3016.  2264.]
anticlockwise
1546233537.170243:[17976.  2572.  1844.]
anticlockwise
1546233537.231584:[18016.  2976.  1480.]
anticlockwise
1546233537.293037:[17952.  3016.   612.]
 
1546233537.358606:[17968.  3480.  1504.]
 
1546233537.420064:[18108.  3256.  1124.]
 
1546233537.481518:[17484.  3800.   876.]
 
1546233537.543082:[17820.  3840.   900.]
 
1546233537.608553:[17144.  3700.   840.]
 
1546233537.66996:[17304.  3444.  -412.]
 
1546233537.7313468:[17196.  3724.   -64.]
 
1546233537.796811:[17680.  3648.  -324.]
 
1546233537.858083:[18000.  3352.   164.]
 
1546233537.9196422:[18044.  3736.   800.]
 
1546233537.981183:[17292.  4032.  2072.]
 
1546233538.042688:[17396.  4388.    60.]
 
1546233538.108195:[17420.  3804.  1632.]
 
1546233538.1696289:[17380.  4092. -4220.]
 
1546233538.231036:[17924.  2672.   416.]
 
1546233538.296501:[17352.  4816. -4960.]
 
1546233538.358015:[16408.  4632. -5196.]
 
1546233538.419457:[15472.  4092. -1772.]
 
1546233538.484844:[15576.  4256. -5884.]
 
1546233538.542363:[14368.  5768.    92.]
 
1546233538.608022:[16112.  4324. -7172.]
clockwise
1546233538.6693041:[15340.  4648. -5316.]
clockwise
1546233538.734646:[15260.  4488. -3128.]
clockwise
1546233538.7961721:[16016.  3268. -5672.]
anticlockwise
1546233538.857772:[16372.  3388. -4576.]
clockwise
1546233538.919229:[16420.  4500. -4816.]
anticlockwise
1546233538.984681:[17228.  4048. -6128.]
anticlockwise
1546233539.046138:[15784.  4732. -3400.]
anticlockwise
1546233539.107598:[13288.  7256.   712.]
clockwise
1546233539.169045:[14532.  5940.  2360.]
clockwise
1546233539.230531:[15872.  5792.   140.]
clockwise
1546233539.2959092:[16428.  5180.  1384.]
clockwise
1546233539.357384:[17540.  4192. -1260.]
clockwise
1546233539.422796:[16616.  4688. -1032.]
clockwise
1546233539.484307:[15568.  4052.  1548.]
clockwise
1546233539.5459461:[18552.  2068. -4116.]
clockwise
1546233539.6073332:[17968.  2248.   640.]
clockwise
1546233539.66877:[18564.   228.  1864.]
anticlockwise
1546233539.734082:[20580. -1900. -2748.]
anticlockwise
1546233539.795528:[16744.   384.  3968.]
anticlockwise
1546233539.861057:[19552. -1220. -4368.]
anticlockwise
1546233539.918556:[17924.  -708.  2040.]
anticlockwise
1546233539.9840481:[18412.  -524.  1100.]
anticlockwise
1546233540.0454762:[18200.  -228.  1024.]
anticlockwise
1546233540.106983:[18272. -1980.  1232.]
anticlockwise
1546233540.168347:[17988.  -840.  -188.]
anticlockwise
1546233540.2297559:[17616.  -624.   280.]
anticlockwise
1546233540.2913249:[17360.  -568.    60.]
clockwise
1546233540.3568552:[17848.  -672.   472.]
clockwise
1546233540.41825:[18920. -1552.   120.]
clockwise
1546233540.4837859:[18336.  -604.  -220.]
clockwise
1546233540.5451121:[17764.  -508.   -60.]
anticlockwise
1546233540.606675:[17816.  -524.   -44.]
anticlockwise
1546233540.667948:[18096.  -168.  1148.]
anticlockwise
1546233540.729443:[18080.  -636.   980.]
anticlockwise
1546233540.795007:[18460. -1464.  1256.]
clockwise
1546233540.856353:[18520. -2664.   104.]
 
1546233540.917943:[18916. -1492.   -92.]
 
1546233540.979434:[17940. -2244.   428.]
 
1546233541.044939:[17952. -2024.  2776.]
 
1546233541.106601:[17128. -3076.  2016.]
 
1546233541.171781:[17640. -2972.  1064.]
 
1546233541.2333262:[17580.  -784.  2872.]
 
1546233541.294689:[17836. -2996.  1740.]
 
1546233541.3561778:[16620. -2440.   948.]
 
1546233541.421557:[17396. -3816.  -992.]
 
1546233541.483262:[17504. -4072.  1324.]
 
1546233541.54472:[16736. -4244.   372.]
clockwise
1546233541.610187:[19436. -5260. -1132.]
clockwise
1546233541.671371:[19200. -3244.  2008.]
anticlockwise
1546233541.733:[19364. -2448.  1156.]
anticlockwise
1546233541.798379:[ 32767.  -7012. -16408.]
anticlockwise
1546233541.855804:[18368. -2312.  3172.]
anticlockwise
1546233541.921216:[18188. -1392.  -568.]
anticlockwise
1546233541.9836218:[18400.  -684.  2048.]
anticlockwise
1546233542.0443141:[17976. -1428.  3344.]
anticlockwise
1546233542.105786:[19860. -4096.   532.]
anticlockwise
1546233542.1712482:[19224. -1668.  2328.]
clockwise
1546233542.232707:[19428. -3948.  1284.]
anticlockwise
1546233542.2940328:[16204. -5300.  2928.]
clockwise
1546233542.355446:[13948. -4736.  4724.]
clockwise
1546233542.4209762:[18224. -3092.  4480.]
clockwise
1546233542.4826639:[20508. -5916. -5840.]
anticlockwise
1546233542.5440168:[18184.  -700. -1828.]
clockwise
1546233542.605472:[16708. -3076.  1776.]
anticlockwise
1546233542.6668181:[18076.  1840.  1452.]
anticlockwise
1546233542.7283719:[18640.   976.  1956.]
clockwise
1546233542.793889:[19304. -1052.  -792.]
clockwise
1546233542.855208:[18084.   948.  1092.]
clockwise
1546233542.92073:[19328. -1912.  2664.]
clockwise
1546233542.978297:[18872.  -428.   -84.]
clockwise
1546233543.043723:[16832. -1820.  -952.]
clockwise
1546233543.1051981:[17044. -3788.   736.]
clockwise
1546233543.1706612:[15884.  -180. -2556.]
anticlockwise
1546233543.232137:[16536. -2712. -1732.]
clockwise
1546233543.2935839:[17436. -2200.   848.]
anticlockwise
1546233543.3550022:[18412. -1244.   792.]
anticlockwise
1546233543.420568:[17764. -1044. -1904.]
clockwise
1546233543.481984:[20072. -2700.  1024.]
clockwise
1546233543.543464:[18608. -1164. -4440.]
clockwise
1546233543.604897:[16688.  -732. -2528.]
clockwise
1546233543.67032:[17484. -1192. -1512.]
clockwise
1546233543.731593:[17804.  -772. -2124.]
clockwise
1546233543.7971442:[17684. -1812. -1872.]
clockwise
1546233543.858741:[17484. -1408. -2056.]
anticlockwise
1546233543.920171:[17252. -1300. -1788.]
anticlockwise
1546233543.981513:[17544. -1740. -2484.]
anticlockwise
1546233544.047034:[17624. -1340. -2408.]
 
1546233544.1086578:[17536. -1244. -2208.]
 
1546233544.170012:[17500. -1088. -2712.]
 
1546233544.231325:[17220. -1072. -2392.]
 
1546233544.2967439:[17248. -1132. -2688.]
 
1546233544.3582442:[17440. -1024. -2708.]
 
1546233544.419702:[17716. -2024. -2400.]
 
1546233544.481295:[17652. -1632. -2288.]
 
1546233544.546725:[18384. -2336. -3032.]
 
1546233544.608063:[16828.  -196. -2928.]
 
1546233544.669704:[17372.  -988. -2980.]
 
1546233544.731043:[17252.  -976. -2776.]
 
1546233544.7965178:[17132. -1008. -2904.]
 
1546233544.8581738:[17120. -1016. -2732.]
 
1546233544.919617:[17320. -1068. -2784.]
 
1546233544.9811:[17400. -1100. -2876.]
 
1546233545.046446:[17376. -1140. -3112.]
 
1546233545.108031:[17552. -1032. -3200.]
 
1546233545.1692648:[16828.  -316. -2904.]
 
1546233545.23486:[17428. -1056. -3164.]
 
1546233545.2922208:[ 1.6708e+04 -1.6000e+01 -2.8760e+03]
 
1546233545.357683:[17324.  -360. -1932.]
 
1546233545.41915:[17352.  -344. -2176.]
 
1546233545.480615:[17340.  -412. -2568.]
 
1546233545.546143:[17184.  -432. -3044.]
 
1546233545.6077561:[17248.   -40. -3136.]
 
1546233545.6648152:[17004.    96. -4040.]
 
1546233545.730356:[17488.   272. -4088.]
 
1546233545.791741:[18120.   968. -3844.]
 
1546233545.853272:[18348.   532. -3152.]
 
1546233545.9187589:[17032.   948. -2992.]
 
1546233545.980698:[16608.   924. -2644.]
 
1546233546.041827:[17208.   940. -3940.]
 
1546233546.103267:[16868.   700. -3280.]
 
1546233546.168669:[17888.   356. -3936.]
 
1546233546.2301571:[16368.  5804. -2324.]
 
1546233546.295657:[16644.  1508. -3948.]
 
1546233546.357174:[17328.  1360. -2564.]
 
1546233546.418612:[17164.   940. -3324.]
 
1546233546.480054:[16488.  1688. -3880.]
 
1546233546.545494:[17544.  1612. -2860.]
 
1546233546.606884:[17676.   428. -2688.]
 
1546233546.668318:[17304.   452. -1896.]
 
1546233546.729795:[17144.   836. -2808.]
 
1546233546.791439:[17232.   580. -2024.]
 
1546233546.856769:[17384.   712. -3884.]
 
1546233546.918232:[16960.  1036. -4092.]
 
1546233546.9798179:[16600.  1476. -3216.]
 
1546233547.045231:[16828.  1764. -4372.]
 
1546233547.1067882:[17060.  1408. -3144.]
 
1546233547.168247:[17072.  1352. -3164.]
 
1546233547.229532:[17064.  1088. -3532.]
 
1546233547.29505:[16996.  1196. -3216.]
 
1546233547.3564749:[16980.  1168. -3328.]
 
1546233547.417912:[17028.  1148. -3168.]
 
1546233547.479532:[17000.  1480. -3164.]
 
1546233547.545043:[16856.  1812. -2660.]
 
1546233547.606404:[16952.  1660. -2532.]
 
1546233547.6676438:[16648.  1684. -3580.]
 
1546233547.729283:[16820.  1180. -3248.]
 
1546233547.790661:[16692.   216. -4652.]
 
1546233547.856116:[17076.   232. -4668.]
 
1546233547.917593:[15952.  1348. -4200.]
 
1546233547.979156:[17144.  -100. -2948.]
 
1546233548.04464:[16964.  1120. -3572.]
 
1546233548.106129:[16508.  1592. -3784.]
 
1546233548.167465:[16816.   432. -4048.]
 
1546233548.228859:[17292.   328. -3944.]
 
1546233548.294475:[16744.  1132. -3860.]
 
1546233548.355855:[16500.  1464. -3896.]
 
1546233548.417563:[16544.  1168. -4528.]
 
1546233548.48278:[16512.  1212. -4104.]
 
1546233548.544384:[16568.  1276. -3820.]
 
1546233548.605854:[16460.  1168. -3968.]
 
1546233548.6672902:[16784.  1136. -3672.]
 
1546233548.7326012:[16904.  1220. -3448.]
 
1546233548.794019:[16784.   920. -4928.]
 
1546233548.85548:[16624.  1124. -5016.]
 
1546233548.9170198:[16836.  1180. -4196.]
 
1546233548.978636:[17024.   780. -4064.]
 
1546233549.044108:[16756.  1280. -3668.]
 
1546233549.1056268:[16740.  1040. -3900.]
 
1546233549.1669161:[16736.  1184. -3940.]
 
1546233549.228416:[16796.   776. -3940.]
 
1546233549.2938392:[16800.  1220. -4272.]
 
1546233549.355221:[16728.  1272. -4372.]
 
1546233549.416712:[16724.  1420. -3376.]
 
1546233549.482251:[16516.  1192. -5008.]
 
1546233549.543605:[16844.  1060. -4064.]
 
1546233549.604993:[16612.  1164. -4080.]
 
1546233549.6664882:[16828.  1132. -4068.]
 
1546233549.731931:[16704.  1120. -3660.]
 
1546233549.793618:[15828.  1252. -5048.]
 
1546233549.854934:[16492.   964. -5248.]
 
1546233549.916589:[16168.  1192. -5476.]
 
1546233549.981817:[16128.  1340. -5048.]
 
1546233550.043398:[16164.  1168. -5088.]
 
1546233550.104896:[16360.   960. -4652.]
 
1546233550.166325:[16380.   952. -4120.]
 
1546233550.2317388:[15848.  1292. -5896.]
 
1546233550.293344:[15536.   840. -6584.]
 
1546233550.35462:[15560.  1180. -6692.]
 
1546233550.42021:[15128.  1152. -6652.]
 
1546233550.481575:[15296.   756. -7072.]
 
1546233550.5431721:[15344.   964. -6584.]
 
1546233550.604637:[15700.  1156. -6012.]
 
1546233550.6659682:[15456.   884. -7020.]
 
1546233550.731427:[15508.  1156. -6728.]
 
1546233550.792907:[15404.   952. -6540.]
 
1546233550.854272:[15496.  1000. -6512.]
 
1546233550.9198341:[15820.  1020. -7040.]
 
1546233550.981392:[15256.  1512. -6060.]
 
1546233551.0429041:[15560.  1372. -6108.]
 
1546233551.104348:[15732.   940. -6688.]
 
1546233551.165619:[15648.   880. -7312.]
 
1546233551.231154:[15312.   548. -9544.]
 
1546233551.292671:[15016.   632. -5264.]
 
1546233551.3541398:[14648.  3200. -4108.]
 
1546233551.419625:[15348.  3940. -4876.]
 
1546233551.48107:[15688.  1568. -6240.]
 
1546233551.5426161:[13992.  3288. -5120.]
 
1546233551.603861:[13880.   760. -9328.]
 
1546233551.665239:[14836.   972. -9344.]
 
1546233551.730813:[14656.  1552. -7656.]
 
1546233551.792375:[14128.  1168. -8052.]
 
1546233551.8536441:[13792.  1744. -8192.]
 
1546233551.919141:[12844.  1772. -7848.]
 
1546233551.9806561:[12944.  1872. -9784.]
 
1546233552.0424662:[ 12268.   1368. -10736.]
 
1546233552.107608:[ 12840.   3960. -10016.]
 
1546233552.16918:[19864. -4540. -5456.]
 
1546233552.226561:[13924.  2184.    20.]
clockwise
1546233552.291919:[18348.  2272. -8812.]
clockwise
1546233552.353327:[17752.   704. -5252.]
clockwise
1546233552.418985:[17396.   268. -1348.]
clockwise
1546233552.480381:[16316.   572. -1864.]
clockwise
1546233552.541922:[18032.   -80. -3152.]
clockwise
1546233552.607316:[16496.  2652. -1592.]
clockwise
1546233552.668712:[17452.  1000. -2872.]
clockwise
1546233552.7302148:[17912.   504. -2784.]
clockwise
1546233552.791668:[16984.  1404. -2308.]
clockwise
1546233552.8571851:[17040.  1584. -3220.]
clockwise
1546233552.918692:[16452.  1852. -2904.]
clockwise
