1545899582.75164:[18916.  2968.  5188.]
0
1545899582.813246:[17348.  2384.  6060.]
1
1545899582.874532:[18552.  1652.  6564.]
1
1545899582.935992:[16832.  2072.  5780.]
1
1545899583.0015209:[16648.  1356.  6736.]
2
1545899583.06319:[17772.  4872.  5904.]
2
1545899583.1244411:[21464.  3620.  4972.]
2
1545899583.185877:[17880.  2100.  6332.]
2
1545899583.251924:[17872.  1888.  5204.]
0
1545899583.313003:[18424.  2756.  5692.]
1
1545899583.374453:[18284.  2928.  6780.]
1
1545899583.435765:[16744.  2492.  6380.]
1
1545899583.5013509:[16512.  1760.  5212.]
1
1545899583.562817:[18852.  3200.  4872.]
1
1545899583.6241689:[17396.   924.  6384.]
1
1545899583.6857002:[17712.  1792.  6588.]
1
1545899583.751301:[17908.  1780.  6716.]
1
1545899583.812695:[20472.  3204.  3660.]
1
1545899583.8739789:[18616.  4592.  4828.]
1
1545899583.9354749:[16668.  3744.  4880.]
1
1545899584.000919:[16792.  4096.  5304.]
0
1545899584.062508:[15632.  5188.  1936.]
0
1545899584.1238542:[17672.  3252.  5184.]
0
1545899584.189294:[20200.  4168.  3824.]
1
1545899584.250793:[17356.  2740.  3848.]
0
1545899584.312403:[18324.  3308.  4152.]
1
1545899584.373683:[18120.  2468.  4980.]
1
1545899584.439135:[17560.  3116.  4956.]
1
1545899584.5006452:[18380.  2784.  5996.]
1
1545899584.562287:[16856.  3008.  5376.]
1
1545899584.623447:[19000.  1724.  5272.]
1
1545899584.68902:[16252.  2328.  5908.]
1
1545899584.750447:[18808.  1784.  4852.]
1
1545899584.8120298:[18720.  2176.  5308.]
1
1545899584.873365:[17876.  1240.  6312.]
1
1545899584.9387782:[17512.  1020.  6696.]
1
1545899585.00032:[16236.  1604.  7136.]
0
1545899585.061877:[17280.  1292.  7100.]
1
1545899585.123159:[16076.  1460.  7596.]
1
1545899585.1886551:[17916.  2296.  8124.]
1
1545899585.250114:[16632.  1136.  7416.]
1
1545899585.311859:[16920.  1332.  6960.]
0
1545899585.373025:[18172.  1704.  5724.]
1
1545899585.434477:[17256.   896.  4104.]
1
1545899585.500407:[19976.  2488.  3108.]
1
1545899585.56153:[18224.   976.  2280.]
1
1545899585.6228611:[18428.   972.   972.]
1
1545899585.6843252:[17276.   436.  1772.]
1
1545899585.745825:[17368.   920.   228.]
1
1545899585.8113549:[18788.  1708.   908.]
1
1545899585.8728452:[18696.  1836.  2984.]
1
1545899585.9382248:[18608.  1404.  3136.]
1
1545899585.999657:[18080.  2372.   496.]
1
1545899586.0611892:[18216.  2800.    60.]
1
1545899586.122592:[17432.  2556.    36.]
1
1545899586.188191:[19900.  2972.  -196.]
1
1545899586.24963:[16764.  2080.  1000.]
1
1545899586.311233:[17216.  1372.  1020.]
1
1545899586.372438:[17660.  1748.   112.]
1
1545899586.438012:[18824.  2640. -1148.]
1
1545899586.499418:[17316.  2708.  -356.]
1
1545899586.56098:[18184.  1564.  -112.]
1
1545899586.622282:[19120.  1788.   940.]
1
1545899586.6837:[18760.   720.  2512.]
1
1545899586.749185:[18000.  1080.  3036.]
1
1545899586.810793:[18708.  1564.  3016.]
1
1545899586.872061:[18260.   812.  4660.]
1
1545899586.93761:[18136.  1028.  4168.]
1
1545899586.999022:[18584.   244.  4460.]
1
1545899587.060561:[16020.   196.  4476.]
1
1545899587.121995:[19060.   848.  4224.]
1
1545899587.183445:[18848.   604.  3724.]
1
1545899587.2492008:[18508.   276.  3960.]
1
1545899587.314312:[19028.   380.  2800.]
1
1545899587.371815:[18292.  -196.  6672.]
1
1545899587.433208:[18268.   320.  5148.]
1
1545899587.4989598:[19620.   708.  3428.]
1
1545899587.56035:[16016.  -660.  6264.]
1
1545899587.621637:[19664.   792.  4936.]
1
1545899587.687403:[17748.  -432.  5520.]
1
1545899587.7447019:[17812.    52.  5704.]
1
1545899587.810177:[18224.   532.  4476.]
1
1545899587.871538:[16576.   212.  5564.]
1
1545899587.93298:[17676.   608.  4092.]
1
1545899587.998776:[20176.  1148.  5720.]
1
1545899588.060098:[18156.   472.  4484.]
1
1545899588.121396:[19232.   544.  3276.]
1
1545899588.182871:[19248.   908.  3076.]
1
1545899588.248436:[18648.  1480.  4488.]
1
1545899588.310053:[16028.   384.  3168.]
1
1545899588.371228:[19164.  2592.  1652.]
1
1545899588.4369102:[17148.  2108.  2960.]
1
1545899588.4981859:[19324.  3256.  1656.]
1
1545899588.559814:[18336.  2520.  2708.]
1
1545899588.625115:[16608.  1712.  3776.]
1
1545899588.686555:[18984.  2744.  2740.]
1
1545899588.748128:[19768.  3508.  2492.]
1
1545899588.8095171:[17988.  2356.  2600.]
1
1545899588.8749151:[17284.  3000.  3332.]
1
1545899588.9363682:[17160.  2732.  4480.]
1
1545899588.998004:[17892.  3276.  3752.]
1
1545899589.0594492:[18012.  2364.  3652.]
1
1545899589.1247659:[18256.  1944.  3376.]
1
1545899589.1862102:[18472.  1664.  4308.]
1
1545899589.2480168:[17880.  2304.  3972.]
0
1545899589.309914:[18108.  2892.  4100.]
1
1545899589.3705962:[18072.   880.  4064.]
1
1545899589.436082:[17784.  1804.  3048.]
1
1545899589.4975271:[18424.  1000.  3920.]
1
1545899589.560019:[18880.  1456.  4648.]
1
1545899589.620399:[18444.   572.  4940.]
1
1545899589.685965:[16192.   208.  3008.]
1
1545899589.747385:[19584.  1048.  2600.]
1
1545899589.80899:[17948.   160.  5896.]
1
1545899589.87026:[17776.   468.  6516.]
1
1545899589.935761:[18932.   804.  3148.]
1
1545899589.997378:[18748.   456.  4432.]
1
1545899590.0594811:[18280.   484.  5228.]
1
1545899590.120178:[16860.   764.  3712.]
1
1545899590.1856399:[20184.  1944.  2640.]
1
1545899590.247125:[17900.   224.  3472.]
1
1545899590.308696:[19928.  1752.  1612.]
1
1545899590.373997:[20212.  2584.  1436.]
1
1545899590.435482:[18220.  1796.  2464.]
1
1545899590.496976:[17532.  1748.  1784.]
1
1545899590.558558:[17040.  1920.  1848.]
1
1545899590.619905:[18176.  3792.    96.]
1
1545899590.685365:[16776.  2912.  1928.]
1
1545899590.746791:[16984.  4488.   532.]
1
1545899590.808332:[16004.  2840.  1008.]
1
1545899590.873694:[19328.  2308.  1748.]
1
1545899590.935141:[17740.  2416.  1888.]
1
1545899590.996672:[17532.  3328.  2540.]
1
1545899591.0623722:[17840.  2828.  2288.]
1
1545899591.123533:[18740.  3472.  5172.]
1
1545899591.184991:[15336.  3152.  6336.]
1
1545899591.246623:[19412.  4560.  4756.]
1
1545899591.312226:[17708.  2440.  6216.]
1
1545899591.3734028:[18244.  2636.  5488.]
1
1545899591.434867:[19020.  1808.  5496.]
1
1545899591.496524:[17216.  1588.  6012.]
0
1545899591.5579488:[17484.   504.  5332.]
0
1545899591.6233358:[20820.  1256.  3068.]
1
1545899591.684735:[17008.  1184.  4748.]
1
1545899591.746261:[17592.  1548.  3540.]
1
1545899591.811929:[18752.  1688.  3964.]
1
1545899591.8731189:[17580.   600.  6488.]
1
1545899591.934576:[17360.   680.  7664.]
1
1545899591.995988:[17140.   228.  5268.]
1
1545899592.057529:[20024.   644.  1472.]
1
1545899592.1229692:[18732.   492.  1740.]
1
1545899592.184457:[17436.   516.  1312.]
1
1545899592.2458398:[18928.   628.   580.]
1
1545899592.3074298:[19412.  2556.   548.]
1
1545899592.372803:[17920.  1012.  3276.]
1
1545899592.434303:[17944.  1788.  3104.]
1
1545899592.495818:[17112.  1880.  2412.]
1
1545899592.561384:[17416.  1960.  3472.]
1
1545899592.622645:[17576.  2256.   908.]
1
1545899592.684191:[17148.  3628.   796.]
1
1545899592.745642:[16808.  3772.   824.]
1
1545899592.811145:[19440.  3568.  2096.]
1
1545899592.872441:[17888.  3204.  4224.]
1
1545899592.9339101:[16052.  2696.  2368.]
1
1545899592.995657:[18528.  3368.  3600.]
1
1545899593.0610418:[16304.  2780.  4108.]
1
1545899593.122349:[17980.  2496.  2852.]
1
1545899593.183773:[18372.  3920.  3612.]
1
1545899593.245412:[17268.  2872.  3624.]
1
1545899593.311048:[18680.  2384.  4088.]
1
1545899593.3721511:[17556.  2304.  5188.]
1
1545899593.433708:[18000.   912.  5472.]
1
1545899593.4951198:[17996.  1648.  5900.]
1
1545899593.560829:[18064.  1640.  4644.]
1
1545899593.622043:[18680.  1124.  4728.]
1
1545899593.684011:[18368.  -724.  5040.]
1
1545899593.744979:[17904.   640.  5124.]
1
1545899593.810807:[18460.   436.  3068.]
1
1545899593.871893:[18652.   156.  3284.]
1
1545899593.933464:[19132.   668.  3928.]
1
1545899593.994761:[17940.   744.  5236.]
1
1545899594.056276:[17480.   120.  5940.]
1
1545899594.121759:[18268.   784.  4732.]
1
1545899594.183188:[17084.   828.  5900.]
1
1545899594.2447848:[18684.   560.  3892.]
1
1545899594.306062:[18096.   592.  2020.]
1
1545899594.3716:[16936.  1268.  4308.]
1
1545899594.4331279:[17744.  1864.  4316.]
1
1545899594.494582:[19052.   764.  3136.]
1
1545899594.560328:[18524.  1464.  3300.]
1
1545899594.6214771:[17736.  1108.  3360.]
1
1545899594.6829472:[16324.  1524.  3052.]
1
1545899594.748424:[18772.  2744.  3220.]
1
1545899594.80996:[17836.  2436.  1984.]
1
1545899594.871291:[18048.  2428.   572.]
1
1545899594.932798:[21100.  5036.  2356.]
1
1545899594.998212:[17652.  2828.  3016.]
1
1545899595.061355:[18592.  2776.  3764.]
1
1545899595.121164:[18448.  2896.  3724.]
1
1545899595.1825569:[19580.  3948.  2640.]
1
1545899595.248277:[17712.  2440.  5860.]
1
1545899595.309983:[16200.  2512.  3256.]
1
1545899595.37105:[18024.  2728.  5052.]
1
1545899595.432586:[17844.  1424.  5616.]
1
1545899595.4983659:[19044.  1084.  5028.]
1
1545899595.559469:[18092.  1356.  5624.]
1
1545899595.620862:[16556.  1036.  6144.]
0
1545899595.683178:[19528.  1712.  4052.]
1
1545899595.743855:[16612.    44.  4644.]
1
1545899595.80928:[18504.   -84.  3372.]
1
1545899595.870739:[18240.  -272.  4584.]
1
1545899595.932192:[19496.   816.  5212.]
1
1545899595.9936059:[17908.   144.  2260.]
1
1545899596.059062:[19796.   412.  3036.]
1
1545899596.120597:[16640.  -336.  4092.]
1
1545899596.181958:[20948.  2996.   440.]
1
1545899596.243458:[17632.   844.  1912.]
1
1545899596.309029:[18388.  2448.  2136.]
1
1545899596.3704371:[18568.  2768.  3620.]
1
1545899596.431867:[17736.  1564.  2012.]
1
1545899596.497424:[18544.  2232.  -188.]
1
1545899596.558815:[19284.  2500.  -176.]
1
1545899596.62027:[17784.  2324.  1596.]
1
1545899596.681691:[18920.  3328.  1816.]
1
1545899596.7472599:[15772.  1808.  1644.]
1
1545899596.808692:[19036.  3256.   492.]
1
1545899596.870139:[18732.  3740.  1228.]
1
1545899596.9316869:[19044.  3276.  2364.]
1
1545899596.996955:[18088.  4532.  3168.]
1
1545899597.058414:[18780.  1272.  3084.]
1
1545899597.119856:[18856.  2888.  6456.]
1
1545899597.185354:[16416.  1788.  4712.]
1
1545899597.2481868:[18668.  2756.  3156.]
1
1545899597.30848:[17700.  2340.  3780.]
1
1545899597.369778:[18132.  1664.  2648.]
0
1545899597.431318:[17844.   840.  5896.]
1
1545899597.4967418:[17996.  -104.  5500.]
1
1545899597.558285:[18760.   604.  5584.]
1
1545899597.619561:[17560.    88.  7644.]
1
1545899597.6851141:[17184.  -280.  6096.]
1
1545899597.74652:[18868.   248.  4860.]
1
1545899597.812456:[19204.  -580.  4520.]
1
1545899597.869448:[18444.  -384.  6076.]
1
1545899597.9309928:[18056.   296.  3580.]
1
1545899597.9963741:[17004.  -464.  3868.]
1
1545899598.0538151:[1.8304e+04 8.0000e+00 2.1920e+03]
1
1545899598.119363:[16608.  -464.  3512.]
1
1545899598.180764:[20180.   892.  1724.]
1
1545899598.246295:[19108.   648.  3244.]
1
1545899598.307869:[18000.   160.  3112.]
1
1545899598.36913:[18708.   988.  2828.]
1
1545899598.434647:[19064.  2108.  -140.]
1
1545899598.496174:[18184.  2248.   876.]
1
1545899598.5579479:[16456.  1296.  1320.]
1
1545899598.619031:[18376.  1720.  4072.]
1
1545899598.6846132:[19896.  1660.  2832.]
1
1545899598.746164:[18108.  1600.  4188.]
1
1545899598.807808:[17132.  2212.  3332.]
1
1545899598.868874:[19552.  1000.  3416.]
1
1545899598.930235:[18356.   924.  4756.]
1
1545899598.995755:[17812.  1356.  4944.]
1
1545899599.0574741:[17628.   920.  4644.]
1
1545899599.1186318:[18000.   892.  3272.]
1
1545899599.184134:[17532.  1328.  4216.]
1
1545899599.24585:[17872.   344.  4384.]
1
1545899599.307162:[17436.  1212.  4168.]
1
1545899599.368531:[18344.  1120.  3428.]
1
1545899599.430625:[16552.   208.  6540.]
1
1545899599.495849:[16580.  -320.  6868.]
1
1545899599.5572858:[19800.   400.  5852.]
1
1545899599.618405:[17288.   564.  7616.]
1
1545899599.680324:[17432.    60.  6572.]
1
1545899599.745402:[18896.   440.  6068.]
1
1545899599.806897:[17632.   516.  7820.]
1
1545899599.868265:[1.840e+04 1.200e+01 5.968e+03]
0
1545899599.933703:[17072.  -204.  7148.]
1
1545899599.995712:[19192.  1296.  6484.]
1
1545899600.0569742:[14384.  -672.  4940.]
1
1545899600.11808:[20120.   620.  2544.]
1
1545899600.179578:[16992.   900.  3604.]
1
1545899600.2450309:[18172.   984.  4708.]
1
1545899600.3065522:[18208.  1964.  1760.]
1
1545899600.3683252:[17652.  1508.  2804.]
1
1545899600.4335208:[17660.  1416.  1388.]
1
1545899600.4949179:[19464.  1756.  1228.]
1
1545899600.556562:[17816.  2312.  4892.]
1
1545899600.6178198:[17996.  1684.  4300.]
1
1545899600.6792479:[18596.   280.  2988.]
1
1545899600.744726:[18256.  1344.  3960.]
1
1545899600.8063529:[18016.  2972.  3572.]
1
1545899600.8676631:[18060.  3128.  4444.]
1
1545899600.933218:[17156.  1468.  6388.]
1
1545899600.9945889:[18308.  1364.  4872.]
1
1545899601.055997:[17512.  1884.  7512.]
1
1545899601.117512:[17956.  2276.  5624.]
1
1545899601.178874:[18020.   984.  5268.]
1
1545899601.2452831:[17036.   872.  5948.]
0
1545899601.305879:[17772.   408.  6680.]
1
1545899601.367466:[16576.  1164.  5784.]
1
1545899601.432873:[18116.  1452.  6324.]
1
1545899601.494262:[19716.  -352.  5568.]
1
1545899601.557251:[18352.   332.  5964.]
1
1545899601.6211782:[21472. -4192.  4124.]
1
1545899601.68265:[19080. -5612.  3832.]
1
1545899601.744084:[19308.  -992.  6392.]
1
1545899601.8056269:[19808.  -984.  4328.]
1
1545899601.866982:[16320.   504.  1472.]
1
1545899601.932509:[14396.  -840.  1416.]
1
1545899601.9939609:[17332.  2636.  6220.]
1
1545899602.055645:[15516.  -408.  -132.]
1
1545899602.116894:[16476.  -756.  3116.]
1
1545899602.182419:[10340.  4696. 15152.]
1
1545899602.243807:[ 6044.  1928. 24244.]
1
1545899602.30594:[17836.  -152.  4180.]
2
1545899602.37075:[18164.  -484.  4212.]
1
1545899602.432319:[18272.  -560.  4136.]
2
1545899602.4937139:[18164.  -420.  4204.]
1
1545899602.555222:[18188.  -496.  4240.]
1
1545899602.620634:[18136.  -492.  4260.]
1
1545899602.682128:[18220.  -504.  4312.]
1
1545899602.743541:[18156.  -524.  4252.]
1
1545899602.805244:[17900.  -392.  4172.]
1
