1545897312.381891:[18084.   128.    72.]
1545897312.382684:[18324.    68.  1444.]
1545897312.3831282:[18176.    36.  1448.]
1545897314.001547:[18084.   128. 18288.]
1545897314.066989:[18204.   -20.  1408.]
1545897314.128492:[18276.   124.  1288.]
1545897314.1898901:[18372.    92.  1476.]
1545897314.2513568:[1.8128e+04 8.0000e+00 1.4040e+03]
1545897314.316873:[18160.   -84.  1492.]
1545897314.378355:[ 1.8224e+04 -1.2000e+01  1.2840e+03]
1545897314.43975:[18240.    36.  1436.]
1545897314.501129:[1.8244e+04 1.2000e+01 1.5400e+03]
1545897314.566598:[18288.    28.  1272.]
1545897314.628274:[18152.   -64.  1388.]
1545897314.689604:[18244.    20.  1324.]
1545897314.751009:[18252.     0.  1480.]
1545897314.812465:[1.820e+04 8.000e+00 1.524e+03]
1545897314.877994:[18240.   -24.  1480.]
1545897314.939435:[18208.   108.  1512.]
1545897315.000809:[18172.    72.  1304.]
1545897315.066551:[18220.   -28.  1472.]
1545897315.127826:[18212.    48.  1416.]
1545897315.189357:[18272.    80.  1344.]
1545897315.254708:[18088.   -96.  1488.]
1545897315.316236:[18224.   144.  1312.]
1545897315.3777301:[18124.    28.  1348.]
1545897315.4397628:[18152.    64.  1412.]
1545897315.500573:[18160.    28.  1552.]
1545897315.5620291:[18272.    88.  1344.]
1545897315.627499:[18176.   -52.  1380.]
1545897315.688948:[18224.    88.  1384.]
1545897315.7505522:[18312.   116.  1244.]
1545897315.811834:[1.8172e+04 4.0000e+00 1.4600e+03]
1545897315.877495:[18088.   -20.  1368.]
1545897315.938842:[18336.   164.  1360.]
1545897316.000345:[18276.    44.  1296.]
1545897316.061764:[ 1.8248e+04 -8.0000e+00  1.5400e+03]
1545897316.123141:[1.824e+04 4.000e+00 1.540e+03]
1545897316.188661:[18320.    80.  1448.]
1545897316.250425:[1.8196e+04 1.6000e+01 1.2240e+03]
1545897316.315608:[18236.   -68.  1432.]
1545897316.37704:[ 1.8088e+04 -4.0000e+00  1.4480e+03]
1545897316.4385548:[1.826e+04 1.200e+01 1.476e+03]
1545897316.500063:[18136.    60.  1324.]
1545897316.565399:[19216.   -72.  1520.]
1545897316.622737:[18308.    72.  1512.]
1545897316.688433:[18296.   -76.  1336.]
1545897316.7506409:[18392.     0.  1244.]
1545897316.81121:[18244.   176.  1372.]
1545897316.876692:[18228.  -164.  1556.]
1545897316.938185:[18248.  -164.  1280.]
1545897316.999697:[18100.   240.  1428.]
1545897317.061014:[18320.    76.  1180.]
1545897317.126519:[18076.   152.  1408.]
1545897317.183883:[1.8204e+04 4.0000e+00 1.2920e+03]
1545897317.2496881:[18196.   204.  1364.]
1545897317.310931:[18128.   -88.  1536.]
1545897317.37642:[18256.  -112.  1636.]
1545897317.439499:[18256.   140.  1368.]
1545897317.49949:[1.8196e+04 1.2000e+01 1.4440e+03]
1545897317.560802:[18168.   208.  1516.]
1545897317.6222599:[1.8136e+04 1.2000e+01 1.4000e+03]
1545897317.68783:[ 1.810e+04 -1.200e+01  1.332e+03]
1545897317.749315:[18260.   -32.  1292.]
1545897317.810657:[18120.   116.  1456.]
1545897317.8721018:[18044.    36.  1264.]
1545897317.9380622:[ 1.8084e+04 -1.2000e+01  1.4960e+03]
1545897317.999233:[18108.    64.  1248.]
1545897318.060501:[18184.    28.  1384.]
1545897318.1219149:[18156.    52.  1372.]
1545897318.1877172:[18336.    32.  1432.]
1545897318.2490802:[18196.  -112.  1472.]
1545897318.310401:[18104.    60.  1540.]
1545897318.371729:[18152.    44.  1400.]
1545897318.43348:[18152.    32.  1444.]
1545897318.498819:[ 1.8228e+04 -4.0000e+00  1.4720e+03]
1545897318.560251:[18252.   -24.  1492.]
1545897318.621682:[18236.   -32.  1504.]
1545897318.68727:[18228.   -28.  1408.]
1545897318.749176:[18128.   -40.  1320.]
1545897318.810017:[18304.   104.  1236.]
1545897318.871839:[18120.   100.  1512.]
1545897318.937449:[18140.   -68.  1412.]
1545897318.998546:[18260.   -36.  1612.]
1545897319.059835:[18076.   100.  1488.]
1545897319.121286:[18160.    68.  1608.]
1545897319.1868842:[18232.   104.  1348.]
1545897319.2483442:[18028.    52.  1540.]
1545897319.309713:[18320.   100.  1472.]
1545897319.371441:[18228.    96.  1468.]
1545897319.4328792:[18316.    84.  1360.]
1545897319.498156:[18268.    76.  1472.]
1545897319.559475:[18212.    84.  1288.]
1545897319.62098:[18200.    76.  1480.]
1545897319.6828558:[18148.    32.  1368.]
1545897319.74806:[18172.  -312.  1692.]
1545897319.809403:[18140.    80.  1408.]
1545897319.874918:[18332.  -224.  1460.]
1545897319.936448:[18272.   120.  1488.]
1545897320.000652:[18028. -3528.   396.]
1545897320.0592918:[17456.   108.  3180.]
1545897320.1207612:[18024.   264.  1240.]
1545897320.182168:[18284.    36.  1552.]
1545897320.247597:[18332.    80.  1480.]
1545897320.309043:[18340.    24.  1396.]
1545897320.370562:[18164.   168.  1464.]
1545897320.431995:[18436.   100.   892.]
1545897320.497482:[18256.   284.  1428.]
1545897320.558941:[18240.    52.  1760.]
1545897320.6207979:[18136.    28.  1300.]
1545897320.682487:[17936.   -44.  1444.]
1545897320.743181:[18044.   276.   588.]
1545897320.808693:[17820.   176.   752.]
1545897320.870291:[17256.  -108.  1048.]
1545897320.935887:[18144.  -748.  2000.]
1545897320.9972239:[18280.   288.  1044.]
1545897321.058532:[18096.    84.  1244.]
1545897321.120099:[18832.  -436.  1660.]
1545897321.1814861:[17708.    96.  1952.]
1545897321.242901:[18136.   568.   120.]
1545897321.308392:[18124.   924.  1016.]
1545897321.3698719:[18260.  -640.  1808.]
1545897321.4353569:[18488.  -304.  1108.]
1545897321.4927628:[1.834e+04 1.200e+01 1.576e+03]
1545897321.55829:[18064.   408.  1648.]
1545897321.6198819:[18096.   116.  1172.]
1545897321.681288:[18096.   -60.  2776.]
1545897321.7426062:[1.7952e+04 8.0000e+00 1.0000e+03]
1545897321.808183:[17736.  -508.   720.]
1545897321.869605:[17964.     0.  1152.]
1545897321.9351628:[18220.  -168.  1216.]
1545897321.9925041:[18304.   -68.   776.]
1545897322.0581188:[18048.   -24.  1600.]
1545897322.119445:[18052.  -100.  1520.]
1545897322.1849442:[18244.  -416.  1448.]
1545897322.24233:[18044.   324.  1100.]
1545897322.307809:[17856.  -244.  1628.]
1545897322.369309:[18400.  -432.  1356.]
1545897322.430961:[18216.   132.  1420.]
1545897322.492214:[18336.   152.  1020.]
1545897322.553623:[18192.   -72.   928.]
1545897322.619541:[18256.  -276.  1672.]
1545897322.680795:[ 1.8228e+04 -1.6000e+01  1.3080e+03]
1545897322.741972:[1.8244e+04 1.2000e+01 1.4560e+03]
1545897322.8042161:[18172.    72.  1564.]
1545897322.8689668:[18212.  -120.  1276.]
1545897322.93044:[18392.   -44.  1440.]
1545897322.9918258:[1.804e+04 1.600e+01 1.492e+03]
1545897323.053283:[1.8272e+04 1.2000e+01 1.3600e+03]
1545897323.1189492:[18076.  -136.  1332.]
1545897323.180436:[18080.  -160.  1324.]
1545897323.241674:[18292.   132.  1464.]
1545897323.303079:[18340.    76.  1464.]
1545897323.36864:[18240.    32.  1372.]
1545897323.430293:[18192.    52.  1408.]
1545897323.4915462:[ 1.8352e+04 -8.0000e+00  1.3800e+03]
1545897323.557072:[18380.   160.  1412.]
1545897323.618473:[ 1.8244e+04 -1.6000e+01  1.3680e+03]
1545897323.680119:[18232.   -76.  1388.]
1545897323.741448:[18212.    52.  1436.]
1545897323.806937:[18088.   -44.  1352.]
1545897323.868333:[18128.  -112.  1360.]
1545897323.929973:[18124.   -28.  1396.]
1545897323.995258:[18028.  -100.  1400.]
1545897324.056702:[18112.   116.  1328.]
1545897324.11823:[18172.   -20.  1540.]
1545897324.1796632:[18356.    44.  1324.]
1545897324.241086:[18312.    36.  1260.]
1545897324.306583:[18380.   -48.  1244.]
1545897324.3681002:[18116.   -76.  1400.]
1545897324.425526:[18056.     0.  1288.]
1545897324.490922:[18304.    72.  1460.]
1545897324.5524201:[18096.   -56.  1460.]
1545897324.614847:[18040.     0.  1392.]
1545897324.680681:[18280.   -24.  1388.]
1545897324.740782:[1.8276e+04 1.6000e+01 1.2680e+03]
1545897324.8021529:[18216.   -52.  1540.]
1545897324.863625:[18212.    84.  1464.]
1545897324.929266:[ 1.8228e+04 -1.6000e+01  1.3240e+03]
1545897324.990585:[18248.   -68.  1476.]
1545897325.052018:[18188.   -68.  1296.]
1545897325.117617:[18204.  -132.  1344.]
1545897325.179019:[18344.    40.  1340.]
1545897325.240458:[18040.   -24.  1536.]
1545897325.305988:[18264.  -256.  1564.]
1545897325.3675241:[18272.   -28.  1304.]
1545897325.428848:[18168.   -84.  1296.]
1545897325.4902542:[18316.   -76.  1452.]
1545897325.551706:[18032.    28.  1376.]
1545897325.613178:[1.8092e+04 4.0000e+00 1.6560e+03]
1545897325.679071:[18048.   -76.  1672.]
1545897325.7401202:[18124.   -96.  1512.]
1545897325.8015912:[18216.    68.  1388.]
1545897325.8630989:[18204.    24.  1396.]
1545897325.928567:[18276.  -380.  1380.]
1545897325.9900029:[17940.   584.  1492.]
1545897326.0514681:[18424.  -360.  2072.]
1545897326.112906:[18412.   -24.  1256.]
1545897326.178441:[17480.   304.  2000.]
1545897326.239846:[18628.  -468.  1460.]
1545897326.301325:[17956.   656.  1488.]
1545897326.36289:[18512.   280.   672.]
1545897326.428593:[18084.   636.  1588.]
1545897326.489676:[18260.   -48.  1536.]
1545897326.551166:[17180.   936.  2952.]
1545897326.6128378:[17336.    80.  1156.]
1545897326.678506:[18276.   208.  1136.]
1545897326.7396019:[18104.   456.  1612.]
1545897326.800993:[18320.  -384.  1716.]
1545897326.862429:[18140.    72.  1596.]
1545897326.92414:[18560.    64.   956.]
1545897326.9892979:[18240.  -568.  1892.]
1545897327.0507782:[18256.   104.  1096.]
1545897327.112258:[18412.   -68.   720.]
1545897327.178111:[17800.   -80.  1660.]
1545897327.2391849:[17948.  -432.  2008.]
1545897327.3006709:[18076.   512.  1104.]
1545897327.362205:[18700.   512.   388.]
1545897327.428166:[18088.  -552.  1820.]
1545897327.4890308:[18516.  -400.  1652.]
1545897327.5505438:[18992.  -288.   672.]
1545897327.615993:[17900.  -312.  1588.]
1545897327.677686:[18032.  -136.  1740.]
1545897327.738963:[18720.  -360.  2260.]
1545897327.800368:[18784.   656.   964.]
1545897327.861847:[18140.    40.  1488.]
1545897327.9277089:[18104.   220.  1176.]
1545897327.988748:[18128.    28.  1092.]
1545897328.050719:[ 1.8312e+04 -8.0000e+00  1.3680e+03]
1545897328.111925:[ 1.8276e+04 -1.6000e+01  1.5000e+03]
1545897328.173389:[18240.   184.  1588.]
1545897328.238622:[18040.   -88.  1376.]
1545897328.300298:[18200.    84.  1424.]
1545897328.3632052:[18216.    76.  1504.]
1545897328.425685:[18188.    28.  1528.]
1545897328.488435:[18340.   144.  1376.]
1545897328.55002:[18232.   132.  1296.]
1545897328.6115499:[1.8228e+04 1.2000e+01 1.4160e+03]
1545897328.6730418:[18168.   120.  1328.]
1545897328.734257:[1.824e+04 4.000e+00 1.488e+03]
1545897328.799783:[18396.   -20.  1516.]
1545897328.861566:[18172.    56.  1396.]
1545897328.9235442:[18032.    52.  1260.]
1545897328.988078:[18084.   120.  1444.]
1545897329.04953:[18320.    44.  1432.]
1545897329.111139:[18164.   -24.  1444.]
1545897329.1724958:[1.8268e+04 4.0000e+00 1.2840e+03]
1545897329.2338681:[18152.     0.  1304.]
1545897329.299415:[1.8116e+04 1.6000e+01 1.4200e+03]
1545897329.360971:[18164.  -540.  2268.]
1545897329.422724:[17312.  1324.   220.]
1545897329.48383:[18004.   368.  1060.]
1545897329.545184:[18012.    80.  1440.]
1545897329.610688:[18068.   -32.  1436.]
1545897329.6722062:[18264.    36.  1388.]
1545897329.7336059:[18036.     0.  1480.]
1545897329.799124:[ 1.8264e+04 -1.6000e+01  1.2560e+03]
1545897329.860537:[18184.   108.  1476.]
1545897329.9220679:[18244.    72.  1460.]
1545897329.983423:[1.8164e+04 8.0000e+00 1.4320e+03]
1545897330.044993:[18124.    60.  1276.]
1545897330.1104279:[18148.    24.  1332.]
1545897330.171872:[18104.    72.  1372.]
1545897330.237348:[17584.  1104.  -576.]
1545897330.298862:[18616.  -212.  1304.]
1545897330.3602781:[18228.   312.  1320.]
1545897330.4219022:[18184.   172.  1376.]
1545897330.483218:[18080.   112.  1144.]
1545897330.548661:[18400.   132.  1500.]
1545897330.612628:[18368.   -80.  1428.]
1545897330.67205:[18128.   -40.  1324.]
1545897330.7330072:[18284.    84.  1436.]
1545897330.7992342:[18096.   252.  1624.]
1545897330.8600168:[18304.   128.  1476.]
1545897330.9214878:[18256.   308.  1020.]
1545897330.982805:[17984.   264.   -32.]
1545897331.048301:[17612.   748. -1416.]
1545897331.109796:[17160.  1188. -2940.]
1545897331.1722398:[17532.   956. -3024.]
1545897331.236748:[17404.   732. -2272.]
1545897331.2981749:[17384.   972. -1344.]
1545897331.359634:[17456.   860. -2384.]
1545897331.425267:[17244.  1212. -2240.]
1545897331.4825149:[17848.   480.  -756.]
1545897331.5439749:[18124.   464.    76.]
1545897331.6094642:[17508.   556. -1776.]
1545897331.670976:[17724.   680. -1728.]
1545897331.736456:[17616.   384. -1072.]
1545897331.797884:[17332.  1096. -1624.]
1545897331.859627:[17568.   528. -2900.]
1545897331.9210198:[17728.   912. -1296.]
1545897331.986287:[17256.   564. -1352.]
1545897332.047817:[18824.  -748.  -308.]
1545897332.109205:[17740.   304. -1032.]
1545897332.170662:[17708.   596.   -28.]
1545897332.232116:[17584.   468. -1052.]
1545897332.297715:[18260.   100. -1124.]
1545897332.3590221:[17980.   384.  -532.]
1545897332.421225:[17484.   496. -1976.]
1545897332.481951:[17928.   148.  -320.]
1545897332.5475142:[17620.   316. -1568.]
1545897332.609036:[17592.  -108. -2096.]
1545897332.672589:[16900.  1256. -2612.]
1545897332.735871:[15060.  1996. -3696.]
1545897332.797777:[16780.   412. -4580.]
1545897332.8588002:[17064.   420. -4148.]
1545897332.924387:[19236. -2032. -4036.]
1545897332.985672:[16400.   844. -4160.]
1545897333.0470772:[16788.   536. -3836.]
1545897333.108534:[17352.   -36. -2744.]
1545897333.170126:[16912.   356. -3296.]
1545897333.23141:[16488.   196. -4308.]
1545897333.296961:[15436.   384. -6916.]
1545897333.358389:[15860.   396. -5592.]
1545897333.419848:[15464.   428. -5788.]
1545897333.485319:[15804.   396. -6140.]
1545897333.5468109:[15928.   376. -5944.]
1545897333.608253:[16012.   272. -5840.]
1545897333.6739252:[17268.  -200. -4304.]
1545897333.73519:[12804.  1992. -9768.]
1545897333.796706:[15840.  -504. -9392.]
1545897333.858065:[16932.   364. -1160.]
1545897333.919795:[16288.   564. -5272.]
1545897333.985057:[16696.   320. -4968.]
1545897334.046526:[16908.   516. -6740.]
1545897334.107965:[18344.  -228. -2868.]
1545897334.173449:[17160.  1552. -6704.]
1545897334.235012:[19528. -3064.  -700.]
1545897334.296386:[17836. -2200.  2064.]
1545897334.357812:[16880.   168. -4644.]
1545897334.423342:[17188.  -316. -1188.]
1545897334.484766:[15492.  2940. -5264.]
1545897334.54623:[14632.  2264. -3152.]
1545897334.607708:[17656.  -144. -3140.]
1545897334.673665:[17692.  1384. -3460.]
1545897334.730592:[17548.    76. -1484.]
1545897334.7960901:[17504.   700. -2576.]
1545897334.857515:[16116.   -88. -3404.]
1545897334.92305:[17392. -1120. -2480.]
1545897334.984531:[17112.  -976. -2112.]
1545897335.045845:[16552.   972. -3544.]
1545897335.1072252:[ 1.7056e+04  8.0000e+00 -4.2320e+03]
1545897335.1687539:[16696.   820. -2428.]
1545897335.234294:[17632.  -308. -1488.]
1545897335.295809:[16532.  -268. -4088.]
1545897335.357155:[17200.   484. -3060.]
1545897335.418897:[16988.   584. -3996.]
1545897335.4841118:[17412.   -40. -1736.]
1545897335.5456069:[17296.  -148.  -764.]
1545897335.608063:[16932.  -176. -3084.]
1545897335.669024:[ 1.626e+04 -1.200e+01 -6.796e+03]
1545897335.734009:[15384.  -268. -4448.]
1545897335.795437:[17204.   804. -9556.]
1545897335.860932:[14944. -1848. -8600.]
1545897335.9223838:[14860.  -968. -7320.]
1545897335.983867:[14380.   432. -7180.]
1545897336.045324:[19628.  -968. -6740.]
1545897336.106751:[16080.  -892. -6452.]
1545897336.172252:[16080. -2548. -2712.]
1545897336.233695:[16764.  -160. -2580.]
1545897336.295161:[18948. -1032. -1020.]
1545897336.357101:[17088.  -332. -1588.]
1545897336.418248:[18084.  1156.   488.]
1545897336.483521:[19792.  1196.  1024.]
1545897336.544986:[16284.  1608.  2392.]
1545897336.6064231:[16088.  1072.  2292.]
1545897336.668061:[21148.   752.  1992.]
1545897336.733351:[17780.  -196.  3088.]
1545897336.7949:[17176.   536.  5456.]
1545897336.8563259:[17832.  1232.  3196.]
1545897336.917789:[19516.  -952.  2528.]
1545897336.979237:[19008.   980.  1208.]
1545897337.044637:[20160.   268.  2552.]
1545897337.106072:[17016.   824.  2816.]
1545897337.167723:[17532.   528.  4100.]
1545897337.2330291:[17284.  1312.  4136.]
1545897337.294612:[17880.  -580.  3208.]
1545897337.355886:[17620.   528.  2344.]
1545897337.417502:[16352.   392.  3024.]
1545897337.478889:[19748.   732.  2064.]
1545897337.544369:[17844. -1028.  3180.]
1545897337.609905:[ 32767. -10256.  -6344.]
1545897337.667362:[17472.   900.  3360.]
1545897337.732741:[15852.  -936.  6424.]
1545897337.79015:[20484.    32.  2364.]
1545897337.8556778:[19444.  1580.  2772.]
1545897337.9171042:[17332.   472.  3784.]
1545897337.982573:[18476.  1332.  2876.]
1545897338.044076:[17256.  2740.  3172.]
1545897338.10561:[17120.  1248.  3048.]
1545897338.1670332:[18816.  1044.  2896.]
1545897338.228362:[18584.   940.  2744.]
1545897338.2938619:[18944.   900.  2512.]
1545897338.3554602:[19512.  1456.  2076.]
1545897338.4167738:[18500.   296.  2548.]
1545897338.4782321:[18636.   268.  2964.]
1545897338.543794:[18348.  -520.  2924.]
1545897338.605212:[18140.   336.  2264.]
1545897338.666837:[17788.  -792.  2616.]
1545897338.7322052:[18076.  -496.  2224.]
1545897338.793639:[18496. -1104.  2116.]
1545897338.855128:[17320. -2152.  3052.]
1545897338.920746:[16776. -1024.  3564.]
1545897338.9819899:[18548.  -716.  3304.]
1545897339.0434759:[18848.  -272.  2992.]
1545897339.104903:[19052. -1424.  3008.]
1545897339.1703901:[17288. -1100.  4260.]
1545897339.2318091:[17880.  -444.  3644.]
1545897339.293239:[18608. -1312.  3568.]
1545897339.354841:[20628.  -628.  3576.]
1545897339.420505:[16880. -2184.  5088.]
1545897339.481717:[18704. -2344.  4556.]
1545897339.543102:[17396.  -844.  3128.]
1545897339.604557:[18224. -3616.  4560.]
1545897339.6700659:[20676. -2224.  3844.]
1545897339.731593:[17260. -2776.  3728.]
1545897339.793035:[19052. -3452.  2304.]
1545897339.8585181:[20208. -3616.  2720.]
1545897339.919928:[19784. -2576.  2700.]
1545897339.981379:[15300. -1984.  3996.]
1545897340.042828:[18736. -3056.  3824.]
1545897340.108335:[16252. -3600.  4368.]
1545897340.169936:[17512. -4900.  3936.]
1545897340.231241:[17024. -2388.  5072.]
1545897340.292682:[15724. -5100.  6132.]
1545897340.358185:[19800. -3272.  4852.]
1545897340.420337:[13648. -5100.  7188.]
1545897340.481178:[18684. -3568.  1408.]
1545897340.542569:[19332.  -620.  1160.]
1545897340.6081212:[17224. -1736.  1340.]
1545897340.6698592:[20636. -1216.   996.]
1545897340.730915:[14564.  2852.   692.]
1545897340.7923882:[18444.   484.   896.]
1545897340.853895:[20232.  -108.  -420.]
1545897340.919399:[18444. -1368. -1476.]
1545897340.980795:[18260. -2096.  -968.]
1545897341.0423958:[18148.  -380. -1404.]
1545897341.107761:[16620. -1248.  -312.]
1545897341.1652632:[18232.    24.  -284.]
1545897341.2305999:[17768.  -792. -1656.]
1545897341.296085:[18704. -1808. -1660.]
1545897341.357661:[17340. -1616. -2604.]
1545897341.419023:[19200. -1876. -2812.]
1545897341.480514:[16580. -1420. -1532.]
1545897341.5459561:[17860. -1176. -1416.]
1545897341.607517:[17600.  -980. -1980.]
1545897341.669088:[18084.  -964. -2156.]
1545897341.730328:[17328. -2292. -2704.]
1545897341.795897:[16328. -1012. -2704.]
1545897341.857325:[18364. -1576. -1996.]
1545897341.9189749:[16312. -1004. -2504.]
1545897341.984239:[16756. -1520. -2420.]
1545897342.045676:[16836. -1280. -1816.]
1545897342.107126:[17392.  -948. -2584.]
1545897342.1686242:[16696. -1324. -2860.]
1545897342.230093:[17232.  -720. -2872.]
1545897342.295561:[17204.  -828. -3260.]
1545897342.357016:[17892. -5048.   116.]
1545897342.418723:[15952.    96. -1700.]
1545897342.479944:[16984.  -912. -3672.]
1545897342.545385:[16640. -1252. -4084.]
1545897342.6072378:[16432.   612. -4168.]
1545897342.668383:[16340.   844. -5636.]
1545897342.729751:[16252.  -124. -6076.]
1545897342.791211:[16164.   948. -4964.]
1545897342.856734:[16412.   300. -5348.]
1545897342.918506:[16156.  -540. -3536.]
1545897342.979599:[17416. -5656.  2388.]
1545897343.041173:[18060.   372.   748.]
1545897343.102475:[18316.   180.   908.]
1545897343.163981:[17992.   144.   844.]
1545897343.229287:[18164.   184.   868.]
1545897343.290768:[18200.   296.   928.]
1545897343.3522098:[18100.   220.   928.]
1545897343.4138749:[1.8248e+04 1.6000e+01 1.0480e+03]
1545897343.479255:[18492. -1360.  3272.]
1545897343.540649:[18092.   260.   768.]
1545897343.602082:[18296.   308.   928.]
1545897343.6639721:[ 1.7884e+04  3.1200e+02 -4.0000e+00]
1545897343.729032:[17524.   420.  -644.]
1545897343.786449:[1.7056e+04 2.7320e+03 8.0000e+00]
1545897343.8560388:[18716. -3888.  1764.]
1545897343.917472:[19936. -2772.  1764.]
1545897343.9789288:[17092.  3852.  3232.]
1545897344.040362:[18332.  -520.  1320.]
1545897344.1018271:[18248.   128.  1068.]
1545897344.163332:[18248.   300.   888.]
1545897344.224683:[18164.   244.   844.]
1545897344.29022:[18052.   104.   964.]
1545897344.351733:[18108.   208.  1096.]
1545897344.414155:[18012.   288.  1096.]
1545897344.474644:[18120.   244.   840.]
1545897344.5401201:[18112.   156.   924.]
1545897344.601558:[18120.   272.  1028.]
1545897344.6633549:[18212.   184.  1032.]
1545897344.7284942:[18904.  -600.  3236.]
1545897344.789981:[18312.   184.   972.]
1545897344.8514152:[18292.   -76.  1404.]
1545897344.9169002:[18332.  -192.  1328.]
1545897344.978316:[18916.   144.  -276.]
1545897345.039815:[18576.  -864.  2332.]
1545897345.1012611:[17804.  1124.  -960.]
1545897345.162878:[18160.   596.   884.]
1545897345.2281458:[18188.   168.  1000.]
1545897345.2895591:[18100.   192.   904.]
1545897345.3510668:[18164.   160.   872.]
1545897345.412457:[1.8004e+04 8.0000e+00 1.0440e+03]
1545897345.477962:[18128.   208.  1020.]
1545897345.5393898:[17988.   108.   956.]
1545897345.60087:[18016.   272.  1008.]
1545897345.662465:[18184.   196.   876.]
1545897345.723747:[18288.   216.   976.]
1545897345.78526:[18168.   208.   992.]
1545897345.850703:[18204.   268.   848.]
1545897345.912129:[18252.    44.   932.]
1545897345.9736152:[18192.   172.   980.]
1545897346.035069:[18108.   220.   884.]
1545897346.10055:[18304.   228.   892.]
1545897346.16225:[18356.   244.   872.]
1545897346.2234728:[18128.    60.   992.]
1545897346.284939:[18076.   184.   960.]
1545897346.350379:[18288.   196.   944.]
1545897346.41186:[18064.   220.  1064.]
1545897346.473346:[18120.   120.   996.]
1545897346.5347571:[18216.   184.   848.]
1545897346.600518:[18180.   204.  1032.]
1545897346.661837:[18040.   208.   848.]
1545897346.723307:[17904.   140.  1072.]
1545897346.784878:[18224.   196.   856.]
1545897346.8503392:[18144.   196.   960.]
1545897346.911655:[18232.   252.   972.]
1545897346.973:[18072.   160.   960.]
1545897347.034504:[18052.    92.  1008.]
1545897347.095928:[17996.   164.   880.]
1545897347.1620312:[18064.   192.   984.]
1545897347.222871:[18168.   392.   936.]
1545897347.284461:[18192.   256.   952.]
1545897347.345709:[18136.   256.   888.]
1545897347.411307:[18228.   164.  1136.]
1545897347.472768:[18236.   200.  1020.]
1545897347.5341718:[18228.   232.   956.]
1545897347.595569:[18208.   196.   936.]
1545897347.661391:[18276.   208.   828.]
1545897347.722552:[18220.   260.   852.]
1545897347.78396:[18328.   216.   972.]
1545897347.849483:[18096.   136.  1116.]
1545897347.9112651:[18140.   176.   968.]
1545897347.9723809:[18264.   188.  1020.]
1545897348.033822:[18284.   256.   892.]
1545897348.095304:[18212.   204.   948.]
1545897348.160922:[18156.   164.   976.]
1545897348.222272:[18028.   116.  1092.]
1545897348.283756:[18312.   168.   932.]
1545897348.3451679:[18152.   152.   912.]
1545897348.4112132:[18216.   184.  1000.]
1545897348.472041:[18076.   192.  1012.]
1545897348.5335722:[18012.    60.  1012.]
1545897348.5955331:[18112.   220.   796.]
1545897348.65666:[18240.   172.   932.]
1545897348.721944:[18100.   104.   984.]
1545897348.7835982:[18060.   192.   900.]
1545897348.8448331:[18204.   180.   820.]
1545897348.906427:[18056.   116.   924.]
1545897348.971773:[18236.   236.   868.]
1545897349.033226:[18164.   200.   808.]
1545897349.09468:[18056.   204.   948.]
1545897349.160264:[18216.   148.  1100.]
1545897349.221642:[18088.   188.   976.]
1545897349.28318:[18196.   292.   864.]
1545897349.344461:[18196.   184.   920.]
1545897349.409929:[18076.   228.  1000.]
1545897349.471412:[18076.    76.  1012.]
1545897349.5329049:[18220.   132.   952.]
1545897349.594294:[18228.   192.   904.]
1545897349.6557581:[18140.   176.   660.]
1545897349.721289:[18292.   184.   720.]
1545897349.782816:[18164.   -68.   944.]
1545897349.8441532:[18112.   256.   828.]
1545897349.905747:[18036.   268.   968.]
1545897349.971104:[18164.   220.  1000.]
1545897350.028492:[18120.    92.   688.]
1545897350.094094:[18152.   224.  1248.]
1545897350.155496:[18096.   124.   880.]
1545897350.216911:[18116.    80.   844.]
1545897350.282791:[18120.   152.   920.]
1545897350.343879:[18316.   256.   920.]
1545897350.405451:[18236.   236.   856.]
1545897350.4667609:[18140.   140.   888.]
1545897350.532301:[18268.   156.   992.]
1545897350.5937269:[18160.   256.  1144.]
1545897350.655354:[18092.   172.   952.]
1545897350.716662:[18188.   164.   908.]
1545897350.782135:[18244.   184.   956.]
1545897350.84387:[18204.   236.  1000.]
1545897350.907248:[18160.   172.  1080.]
1545897350.970589:[18108.   152.  1052.]
1545897351.027982:[18000.    52.   940.]
1545897351.0934458:[18072.   256.   988.]
1545897351.155033:[18088.   236.   920.]
1545897351.216348:[18312.   176.   860.]
1545897351.277778:[18184.   232.   948.]
1545897351.343325:[18172.   160.  1004.]
1545897351.404871:[18188.   192.  1092.]
1545897351.4661272:[18336.   112.   988.]
1545897351.527534:[18152.   280.   864.]
1545897351.593078:[18220.   188.  1008.]
1545897351.6546812:[18328.   220.   988.]
1545897351.716088:[18120.   136.   844.]
1545897351.781505:[18188.   164.  1076.]
1545897351.8428879:[18156.   280.   904.]
1545897351.904479:[18092.   220.   916.]
1545897351.965864:[18076.   188.   732.]
1545897352.0273018:[18192.   176.   848.]
1545897352.092803:[18236.   252.  1080.]
1545897352.1543272:[18264.   100.   948.]
1545897352.215741:[18104.   228.  1036.]
1545897352.2771342:[18184.   180.   948.]
1545897352.3426728:[18184.   268.   848.]
1545897352.404383:[18216.   228.  1136.]
1545897352.46557:[18292.   200.  1016.]
1545897352.531036:[18192.   172.  1056.]
1545897352.593:[18192.   192.   956.]
1545897352.654182:[18324.   252.   924.]
1545897352.71544:[18060.   324.   800.]
1545897352.776871:[18088.   228.   996.]
1545897352.8426838:[18180.   172.   988.]
1545897352.903873:[17992.   188.   996.]
1545897352.9652421:[18120.   180.   684.]
1545897353.0266821:[18240.   308.   884.]
1545897353.0881448:[18252.   228.   872.]
1545897353.153719:[18236.   188.   984.]
1545897353.215074:[18172.   196.   960.]
1545897353.2767649:[18080.   680.  1504.]
1545897353.338922:[18492.   480.   556.]
1545897353.403593:[18308.   256.   616.]
1545897353.464888:[18128.   188.   900.]
1545897353.5263171:[18156.   148.   992.]
1545897353.587778:[18320.    28.   884.]
1545897353.653675:[18136.   264.   956.]
1545897353.714721:[18252.   244.  1072.]
1545897353.776178:[ 1.8172e+04 -1.6000e+01  8.1600e+02]
1545897353.841751:[18200.   168.  1016.]
1545897353.9034162:[18012.   144.   964.]
1545897353.964601:[18192.   252.  1068.]
1545897354.026015:[18204.    24.   856.]
1545897354.087508:[18128.   200.   832.]
1545897354.153141:[18044.   168.   884.]
1545897354.214462:[18068.   148.   952.]
1545897354.275912:[18360.   240.   756.]
1545897354.3413749:[18236.   100.  1032.]
1545897354.3987882:[18076.    80.   896.]
1545897354.46427:[18300.   212.  1016.]
1545897354.525729:[18188.   208.  1000.]
1545897354.587816:[18080.   100.   996.]
1545897354.648669:[18200.   208.   976.]
1545897354.714174:[18096.   152.   936.]
1545897354.776096:[18060.   144.  1012.]
1545897354.837066:[18020.   256.  1036.]
1545897354.89847:[18152.   160.   952.]
1545897354.9640121:[18076.   124.  1044.]
1545897355.02546:[18280.   256.   928.]
1545897355.086922:[18148.   244.   924.]
1545897355.148361:[18140.    96.  1028.]
1545897355.21397:[18268.   272.  1012.]
1545897355.275362:[18264.   192.   928.]
1545897355.3378901:[18072.   228.   952.]
1545897355.3982341:[18276.   196.   880.]
1545897355.4636889:[18044.   192.   884.]
1545897355.525047:[18240.   240.  1056.]
1545897355.5866299:[18116.   180.   932.]
1545897355.6479979:[18080.   116.   832.]
1545897355.713484:[18112.   276.   952.]
1545897355.774969:[18144.   212.   988.]
1545897355.8364549:[18060.   196.   884.]
1545897355.897891:[18032.   220.   840.]
1545897355.9633868:[18108.   224.  1064.]
1545897356.024889:[18080.   116.   988.]
1545897356.086256:[18024.    84.   936.]
1545897356.147668:[18152.   180.   876.]
1545897356.2131999:[18224.   220.  1120.]
1545897356.274648:[18120.   124.   876.]
1545897356.336281:[17980.   168.   868.]
1545897356.397581:[18152.   160.   972.]
1545897356.4590049:[18192.   184.   932.]
1545897356.5246952:[18180.   248.   796.]
1545897356.586252:[18264.   184.   948.]
1545897356.647394:[18172.   260.   876.]
1545897356.708884:[18120.   216.   804.]
1545897356.774461:[18196.   160.  1024.]
1545897356.835969:[18084.   208.  1008.]
1545897356.897275:[18260.   124.   796.]
1545897356.962892:[18240.   228.  1044.]
1545897357.02418:[18172.   248.  1036.]
1545897357.085658:[18260.   300.   808.]
1545897357.147093:[18144.   148.   820.]
1545897357.2086248:[18148.   216.   912.]
1545897357.2740889:[18148.    56.  1024.]
1545897357.336203:[18096.   180.   916.]
1545897357.39696:[18320.   244.   848.]
1545897357.4624488:[18140.   160.  1008.]
1545897357.5239308:[18216.   248.  1092.]
1545897357.585403:[18172.   204.  1056.]
1545897357.646793:[18104.   164.   956.]
1545897357.708182:[18184.   200.   872.]
1545897357.769634:[18016.   132.   692.]
1545897357.8351748:[18076.   228.   956.]
1545897357.896567:[18068.   148.  1060.]
1545897357.9580789:[18112.   104.   964.]
1545897358.0196102:[18284.   124.   936.]
1545897358.084984:[18252.   180.   876.]
1545897358.146417:[18236.   108.  1032.]
1545897358.207863:[18192.   204.   992.]
1545897358.2733738:[18096.   108.  1012.]
1545897358.334831:[18092.   104.   864.]
